0.034537
0.147598
0.054202
0.039723
0.011202
0.078787
0.062340
0.069267
0.046214
0.059166
0.038743
0.019287
0.011780
0.051146
0.033334
0.067112
0.035417
0.072564
0.065551
0.057479
0.007008
0.137772
0.085280
0.030911
0.086449
0.125669
0.116166
0.119183
0.013556
0.105894
0.049066
0.114577
0.143999
0.095674
0.055293
0.030498
0.018280
0.027297
0.077632
0.073672
0.063117
0.036505
0.146508
0.179562
0.100575
0.030726
0.098525
0.046272
0.113689
0.026612
0.023480
0.056775
0.170201
0.309296
0.205290
0.250490
0.195279
0.142317
0.134632
0.089768
0.048775
0.172931
0.136359
0.089137
0.011810
0.188540
0.248840
0.330104
0.312843
0.256248
0.245496
0.291034
0.183003
0.095510
0.089480
0.009441
0.096524
0.088864
0.034413
0.017415
0.056699
0.032040
0.033869
0.043243
0.031065
0.134994
0.007385
0.020790
0.076678
0.221687
0.196509
0.184616
0.103667
0.038147
0.046865
0.011877
0.000219
0.125710
0.142049
0.265455
0.237286
0.131544
0.180839
0.087005
0.043027
0.004473
0.007976
0.184460
0.306727
0.157328
0.084567
0.004485
0.143468
0.049491
0.146861
0.254326
0.289312
0.326713
0.181470
0.029487
0.100343
0.002780
0.029652
0.047242
0.082832
0.139674
0.133197
0.328796
0.294115
0.273585
0.177525
0.051701
0.007017
0.024301
0.012844
0.015500
0.121091
0.097993
0.066105
0.024297
0.024697
0.042299
0.049027
0.011219
0.219612
0.146989
0.075796
0.047387
0.022698
0.058245
0.073927
0.084701
0.015031
0.027381
0.009795
0.013675
0.075063
0.321895
0.306217
0.181835
0.068247
0.059342
0.033054
0.016381
0.004948
0.042276
0.011761
0.205876
0.123257
0.017680
0.060795
0.075546
0.297321
0.247668
0.086143
0.045152
0.250130
0.291434
0.188688
0.135278
0.139172
0.132785
0.003289
0.001151
0.052385
0.128060
0.096889
0.089428
0.194431
0.244271
0.276670
0.179455
0.201521
0.098776
0.098118
0.076704
0.164107
0.071126
0.107076
0.084362
0.232349
0.214793
0.008340
0.033583
0.071254
0.190364
0.112072
0.051506
0.043519
0.277451
0.282117
0.369801
0.299538
0.148645
0.119515
0.038161
0.086554
0.142283
0.132571
0.047616
0.013474
0.106579
0.125234
0.064574
0.114843
0.060396
0.011876
0.008639
0.054774
0.108827
0.047020
0.026159
0.126775
0.159169
0.231025
0.136759
0.029730
0.021756
0.092143
0.135861
0.258026
0.151247
0.055563
0.054064
0.013058
0.075129
0.029428
0.177958
0.294107
0.318646
0.136148
0.042829
0.085572
0.108391
0.001915
0.094689
0.049551
0.094790
0.180819
0.310295
0.174151
0.062359
0.086270
0.228016
0.148186
0.222098
0.146495
0.079686
0.037864
0.075059
0.115721
0.007814
0.078367
0.214259
0.292784
0.351060
0.327791
0.259245
0.123318
0.045115
0.012780
0.096582
0.028521
0.045123
0.043239
0.060661
0.099048
0.051083
0.191270
0.050547
0.143591
0.208344
0.149620
0.081432
0.017146
0.098071
0.095507
0.068715
0.026390
0.017809
0.066443
0.067567
0.172795
0.360827
0.243666
0.010542
0.012494
0.010138
0.074827
0.035202
0.077734
0.047116
0.114252
0.043721
0.053546
0.091667
0.081456
0.007394
0.054406
0.143548
0.034407
0.021048
0.038691
0.029252
0.148754
0.385601
0.252670
0.176705
0.315023
0.203823
0.008453
0.047665
0.086865
0.013349
0.060292
0.090347
0.200417
0.009705
0.056108
0.000305
0.160457
0.053741
0.223522
0.227208
0.232581
0.111119
0.079504
0.013097
0.200274
0.050189
0.062689
0.110655
0.139882
0.207071
0.276912
0.286786
0.162887
0.060983
0.154705
0.017151
0.062660
0.075015
0.084172
0.047789
0.011078
0.002315
0.016029
0.035654
0.013006
0.017839
0.132551
0.023957
0.008817
0.029149
0.030692
0.015060
0.068933
0.087727
0.062965
0.019565
0.052877
0.073254
0.016000
0.006376
0.081568
0.060961
0.083085
0.201372
0.366094
0.161348
0.144404
0.027914
0.012024
0.168283
0.078871
0.201985
0.093952
0.017298
0.053995
0.045508
0.012775
0.041817
0.025118
0.225224
0.191750
0.091808
0.115697
0.155982
0.219723
0.000174
0.046055
0.060236
0.286737
0.271179
0.007891
0.011441
0.014271
0.056150
0.094193
0.119782
0.084508
0.067362
0.104808
0.059433
0.057508
0.003764
0.151656
0.086010
0.113566
0.169915
0.143081
0.115047
0.064358
0.029688
0.040348
0.063900
0.016786
0.063702
0.049017
0.122161
0.106336
0.176849
0.171864
0.065461
0.168333
0.211594
0.084257
0.032379
0.184254
0.015696
0.074431
0.047639
0.087038
0.015715
0.041648
0.059392
0.075637
0.000476
0.085107
0.032381
0.077455
0.093462
0.017966
0.047563
0.040000
0.025418
0.035266
0.140849
0.123427
0.166426
0.349296
0.317178
0.344993
0.168430
0.111390
0.175799
0.053667
0.000885
0.156478
0.166071
0.152339
0.026015
0.002169
0.086748
0.157357
0.023195
0.089656
0.055743
0.076782
0.009587
0.093397
0.007153
0.194537
0.046645
0.093275
0.223748
0.184424
0.190608
0.206800
0.192727
0.051183
0.123211
0.047179
0.088973
0.123960
0.091998
0.021158
0.222401
0.178215
0.046926
0.080951
0.076911
0.123572
0.112527
0.110328
0.109178
0.093540
0.080778
0.111728
0.020763
0.043586
0.088027
0.194025
0.049904
0.081679
0.031822
0.231399
0.191653
0.040251
0.072900
0.007072
0.033098
0.032784
0.057460
0.000569
0.097599
0.145723
0.273600
0.245567
0.013510
0.030474
0.131595
0.141352
0.098317
0.013197
0.025719
0.006546
0.041172
0.018820
0.054566
0.108829
0.029386
0.081675
0.089356
0.190648
0.120496
0.051108
0.033623
0.107462
0.173160
0.044007
0.026323
0.054974
0.192238
0.133586
0.184148
0.063483
0.019567
0.116172
0.198537
0.237502
0.142437
0.216548
0.339438
0.448084
0.147461
0.114498
0.215129
0.293875
0.423324
0.268370
0.197471
0.040757
0.079733
0.003042
0.016110
0.080709
0.006169
0.044976
0.171727
0.137268
0.233199
0.057447
0.029884
0.119173
0.080476
0.034059
0.053246
0.013459
0.115869
0.073305
0.068375
0.190751
0.226149
0.138992
0.101559
0.059455
0.153516
0.230030
0.063178
0.080902
0.093067
0.001442
0.010170
0.082855
0.029687
0.025202
0.177821
0.004169
0.045367
0.073769
0.003187
0.073091
0.022012
0.181585
0.145898
0.021106
0.092958
0.127157
0.060806
0.031795
0.017795
0.094099
0.143736
0.034580
0.049130
0.027808
0.006951
0.102574
0.214727
0.125072
0.318596
0.275456
0.106310
0.047476
0.106219
0.001809
0.113104
0.126068
0.086102
0.266795
0.117749
0.106258
0.026127
0.057178
0.004918
0.055351
0.004109
0.046161
0.085377
0.039366
0.131234
0.203271
0.044475
0.033496
0.009057
0.000576
0.017849
0.002326
0.117583
0.008531
0.097356
0.154738
0.103351
0.017972
0.030096
0.057263
0.097392
0.032165
0.152493
0.132007
0.117497
0.278053
0.052607
0.030745
0.063404
0.152660
0.129165
0.036725
0.059172
0.100461
0.114211
0.041730
0.111616
0.184801
0.092140
0.034011
0.039114
0.163883
0.077411
0.022203
0.013219
0.022287
0.087856
0.035538
0.172722
0.110040
0.128089
0.137581
0.057503
0.109940
0.092701
0.033502
0.132817
0.009137
0.047781
0.100174
0.039358
0.087129
0.135437
0.019029
0.189198
0.216790
0.244802
0.257606
0.159360
0.018240
0.141556
0.045972
0.087482
0.007273
0.018375
0.084961
0.017673
0.115066
0.017845
0.021550
0.001542
0.124815
0.053618
0.032850
0.073640
0.113195
0.102688
0.147314
0.004587
0.047698
0.096657
0.135292
0.089525
0.060196
0.078660
0.013948
0.156798
0.108425
0.167653
0.123403
0.083537
0.081582
0.083915
0.014435
0.115594
0.037626
0.003688
0.077866
0.048601
0.037701
0.096919
0.107239
0.009486
0.000349
0.070613
0.057943
0.056055
0.067567
0.020100
0.061817
0.134978
0.153364
0.029076
0.039445
0.054904
0.115431
0.064724
0.017658
0.048284
0.063210
0.081297
0.073228
0.110517
0.132941
0.153576
0.155002
0.045446
0.015420
0.072900
0.097372
0.195368
0.073652
0.030671
0.038731
0.034359
0.144432
0.152012
0.194129
0.081980
0.015484
0.129073
0.023831
0.055189
0.070047
0.025708
0.081638
0.033736
0.075364
0.080417
0.033371
0.053577
0.082042
0.105417
0.242317
0.087282
0.065597
0.141445
0.079402
0.067698
0.094329
0.050217
0.038753
0.015917
0.029623
0.139334
0.015068
0.018867
0.041334
0.045245
0.093494
0.198303
0.092727
0.028878
0.041687
0.018814
0.126272
0.058145
0.028197
0.037581
0.063715
0.217986
0.240016
0.228362
0.021633
0.067185
0.061764
0.005680
0.112414
0.060856
0.110310
0.085889
0.021154
0.041086
0.144423
0.238537
0.091311
0.074606
0.057642
0.066223
0.011196
0.013238
0.122229
0.149123
0.034464
0.128117
0.032750
0.131895
0.096736
0.029110
0.175030
0.108980
0.161209
0.164866
0.034288
0.002980
0.033325
0.069343
0.076897
0.012418
0.002273
0.003119
0.024470
0.066602
0.155212
0.090097
0.002150
0.084855
0.218591
0.072832
0.044070
0.000041
0.065266
0.116291
0.227677
0.187080
0.257006
0.142637
0.196043
0.187120
0.064532
0.099765
0.153591
0.143930
0.312475
0.226510
0.064554
0.146871
0.105522
0.042281
0.160004
0.065728
0.071611
0.067303
0.136588
0.182393
0.214231
0.122318
0.051545
0.015895
0.226728
0.264544
0.212115
0.166902
0.061313
0.053865
0.095953
0.141938
0.024392
0.216657
0.238829
0.184113
0.134368
0.164476
0.159709
0.047500
0.109473
0.248803
0.221113
0.198450
0.161099
0.312435
0.144001
0.073587
0.216559
0.076190
0.031899
0.052288
0.112764
0.107488
0.145487
0.182207
0.146163
0.114384
0.083195
0.105846
0.032901
0.073479
0.006498
0.029953
0.064332
0.087392
0.062989
0.060446
0.117092
0.099357
0.113539
0.007284
0.054191
0.005966
0.040568
0.030061
0.114142
0.079647
0.014345
0.015256
0.050977
0.075781
0.064210
0.006980
0.084327
0.135781
0.148711
0.170128
0.127905
0.007222
0.009963
0.094710
0.127667
0.136927
0.122557
0.181633
0.111319
0.042214
0.116697
0.016640
0.070361
0.091187
0.015950
0.020007
0.060193
0.098596
0.113687
0.030488
0.026164
0.116024
0.099322
0.209223
0.126067
0.164599
0.118181
0.026764
0.081366
0.023698
0.103970
0.110946
0.026776
0.158096
0.103243
0.076668
0.124938
0.058089
0.003703
0.011409
0.026614
0.025574
0.057506
0.104022
0.023373
0.025312
0.021640
0.159395
0.239138
0.007291
0.023066
0.060700
0.096912
0.214878
0.041705
0.092060
0.002225
0.095971
0.005030
0.048034
0.044085
0.063488
0.095564
0.046582
0.123511
0.228734
0.187085
0.109237
0.128380
0.127828
0.194300
0.046336
0.100669
0.276025
0.052940
0.116627
0.241283
0.016426
0.150200
0.099720
0.005326
0.159922
0.015070
0.034352
0.056615
0.068830
0.170954
0.165600
0.128698
0.000650
0.022948
0.000571
0.078898
0.214375
0.076429
0.002177
0.014087
0.033736
0.052525
0.071968
0.032256
0.006691
0.085755
0.182147
0.267262
0.069057
0.077862
0.029274
0.041488
0.022345
0.049404
0.150974
0.072606
0.107299
0.035725
0.132520
0.085941
0.078546
0.091919
0.145405
0.040281
0.169533
0.080153
0.103107
0.047673
0.029050
0.077234
0.017249
0.066848
0.043875
0.005328
0.089670
0.020185
0.004337
0.210527
0.265226
0.198832
0.163507
0.192282
0.039202
0.087016
0.035956
0.028689
0.014144
0.066651
0.132940
0.127090
0.044553
0.053182
0.160015
0.148960
0.114750
0.143473
0.046520
0.039421
0.057404
0.035817
0.009047
0.102616
0.123931
0.104834
0.148946
0.203609
0.084092
0.120714
0.116824
0.219092
0.197234
0.074794
0.031027
0.046943
0.047089
0.080004
0.130411
0.067222
0.051115
0.159028
0.220635
0.098974
0.085242
0.026331
0.058748
0.092058
0.033341
0.006997
0.011989
0.170045
0.128113
0.130137
0.101182
0.151679
0.070720
0.025032
0.003633
0.005401
0.007440
0.024243
0.136622
0.158614
0.063150
0.115909
0.114716
0.092813
0.193925
0.076118
0.115177
0.015758
0.141202
0.299658
0.019641
0.057175
0.023047
0.115660
0.090810
0.008882
0.038780
0.109809
0.005947
0.063120
0.070586
0.093593
0.011249
0.017537
0.132402
0.187213
0.190494
0.220539
0.135018
0.056635
0.052578
0.043615
0.097188
0.044483
0.214433
0.109491
0.082648
0.085041
0.245468
0.007575
0.195488
0.237001
0.100585
0.026207
0.109333
0.218695
0.241035
0.261570
0.182346
0.303922
0.297120
0.267384
0.307578
0.322639
0.258043
0.017598
0.192606
0.148164
0.106926
0.080944
0.059355
0.158302
0.056501
0.147805
0.078349
0.012733
0.070852
0.058576
0.017735
0.013448
0.134750
0.126444
0.027408
0.186768
0.169775
0.008460
0.036180
0.059797
0.116469
0.156887
0.199770
0.167249
0.055476
0.049442
0.078023
0.074870
0.196032
0.215675
0.111960
0.003386
0.255623
0.129383
0.084338
0.115824
0.214208
0.084145
0.164834
0.082006
0.032196
0.199292
0.040620
0.100337
0.104579
0.168519
0.057042
0.121144
0.024770
0.072768
0.040820
0.019549
0.113853
0.227525
0.246003
0.171832
0.250445
0.187695
0.081723
0.119707
0.034636
0.001074
0.179237
0.160071
0.081203
0.131582
0.018040
0.002701
0.003763
0.056923
0.178648
0.184152
0.131740
0.014751
0.010479
0.166164
0.132996
0.088253
0.132011
0.191668
0.097566
0.167920
0.307212
0.137817
0.098204
0.134751
0.026139
0.070438
0.088575
0.091007
0.029852
0.142078
0.090901
0.041353
0.097523
0.057740
0.139739
0.056081
0.153385
0.084864
0.157146
0.168021
0.284094
0.257137
0.200697
0.061600
0.098427
0.046665
0.055118
0.070561
0.025135
0.111382
0.076050
0.007361
0.042442
0.049717
0.059643
0.149939
0.076862
0.043606
0.162613
0.140291
0.053341
0.061372
0.190548
0.121698
0.024911
0.023516
0.195413
0.150574
0.185630
0.085965
0.159419
0.139627
0.154703
0.197747
0.033600
0.058078
0.128249
0.050208
0.040618
0.013713
0.026398
0.016045
0.053236
0.169446
0.160206
0.056781
0.169402
0.078021
0.004764
0.026670
0.144803
0.045439
0.182117
0.247172
0.223838
0.044502
0.036614
0.084033
0.138519
0.186763
0.080183
0.031160
0.102677
0.285569
0.139183
0.103618
0.047177
0.043292
0.089872
0.113289
0.028240
0.096965
0.007288
0.244634
0.203641
0.180817
0.040662
0.113902
0.067964
0.156553
0.007447
0.065985
0.057275
0.057574
0.112224
0.077706
0.067418
0.068357
0.077606
0.104597
0.270593
0.223779
0.041655
0.206043
0.081492
0.195107
0.153198
0.063164
0.117457
0.039131
0.088213
0.041955
0.038780
0.006679
0.076584
0.229252
0.212491
0.214666
0.081720
0.015252
0.053252
0.264627
0.258837
0.161837
0.095686
0.005243
0.070072
0.039063
0.016742
0.159420
0.147279
0.201043
0.150604
0.108155
0.067253
0.052513
0.041759
0.033561
0.119020
0.297277
0.133415
0.146776
0.041319
0.085947
0.014283
0.028368
0.201720
0.077895
0.083995
0.079834
0.162269
0.257086
0.047372
0.081010
0.088082
0.050171
0.012490
0.087518
0.017404
0.067089
0.084272
0.060738
0.090652
0.066560
0.030340
0.027679
0.119704
0.115358
0.139246
0.184513
0.001223
0.027890
0.004325
0.031895
0.091808
0.136243
0.145944
0.021153
0.018167
0.085922
0.036904
0.025222
0.063767
0.045842
0.252283
0.266124
0.031230
0.155803
0.110943
0.132327
0.090823
0.131607
0.187204
0.101526
0.166053
0.029147
0.054682
0.065802
0.038371
0.195330
0.070075
0.090488
0.028446
0.035774
0.009542
0.251499
0.201463
0.150727
0.021034
0.067041
0.046731
0.049546
0.070499
0.086220
0.057236
0.054287
0.210751
0.190960
0.000661
0.005907
0.056009
0.240772
0.207448
0.205688
0.141698
0.071732
0.053804
0.001083
0.052760
0.150637
0.261512
0.163167
0.105083
0.224127
0.186275
0.076613
0.078240
0.154701
0.059747
0.141505
0.049823
0.042497
0.106479
0.224350
0.062486
0.021506
0.102632
0.153348
0.080255
0.076027
0.191037
0.116890
0.098983
0.010163
0.091701
0.269247
0.230741
0.106499
0.090348
0.057644
0.034616
0.021932
0.087894
0.180715
0.257294
0.131953
0.035375
0.179575
0.081018
0.029047
0.072186
0.111526
0.079923
0.017332
0.035232
0.128160
0.022926
0.050694
0.134683
0.264022
0.347589
0.423394
0.129110
0.026378
0.141321
0.005354
0.012794
0.042327
0.070638
0.008875
0.008315
0.164565
0.233889
0.125054
0.166196
0.067588
0.024285
0.039583
0.006512
0.198097
0.289589
0.204439
0.251469
0.272412
0.227445
0.073660
0.000706
0.026025
0.155600
0.129814
0.132482
0.139537
0.032996
0.114262
0.245449
0.197808
0.121038
0.021082
0.130901
0.031963
0.066496
0.124479
0.111843
0.021266
0.002518
0.035504
0.015332
0.137074
0.034436
0.143569
0.065976
0.050715
0.224923
0.121469
0.201591
0.175382
0.140724
0.051870
0.060906
0.171945
0.285283
0.129737
0.068623
0.165140
0.355234
0.430650
0.364959
0.257231
0.191451
0.208789
0.233063
0.121838
0.241672
0.063314
0.061021
0.024420
0.102144
0.071048
0.221979
0.112594
0.016391
0.022917
0.013710
0.113063
0.216663
0.135640
0.190187
0.144769
0.004296
0.031100
0.209749
0.238026
0.248380
0.043479
0.027255
0.134568
0.103619
0.142858
0.075955
0.001585
0.162071
0.013449
0.089368
0.096110
0.008129
0.043685
0.120299
0.084096
0.056945
0.078637
0.092504
0.002606
0.106185
0.070618
0.095689
0.124540
0.004947
0.117476
0.218063
0.212677
0.244942
0.073841
0.075001
0.109658
0.125450
0.074675
0.089736
0.023997
0.064227
0.064546
0.028436
0.025730
0.002682
0.108263
0.114599
0.061251
0.176872
0.129923
0.116878
0.085900
0.135720
0.155768
0.080484
0.178382
0.007802
0.061410
0.147296
0.178091
0.124477
0.026655
0.145766
0.059042
0.062368
0.095688
0.104159
0.021253
0.125567
0.100310
0.061473
0.192207
0.042718
0.001102
0.029549
0.019511
0.036467
0.177607
0.215707
0.217095
0.309781
0.090638
0.135036
0.058079
0.106085
0.060032
0.030062
0.114309
0.082502
0.013106
0.161128
0.146460
0.025284
0.143486
0.087887
0.047133
0.069786
0.011346
0.044813
0.030747
0.062367
0.085047
0.168500
0.184571
0.190404
0.207435
0.047850
0.001945
0.004324
0.011648
0.118327
0.098483
0.012367
0.074198
0.091597
0.143862
0.177637
0.063722
0.006231
0.167721
0.273760
0.290821
0.167038
0.003824
0.177394
0.115888
0.003756
0.007580
0.146203
0.146828
0.184123
0.034905
0.004979
0.002142
0.044997
0.047377
0.065427
0.024007
0.042237
0.033515
0.071047
0.017434
0.114074
0.143218
0.068243
0.111082
0.018532
0.040248
0.136450
0.109558
0.165520
0.214843
0.193101
0.085189
0.105467
0.084018
0.318807
0.220911
0.079401
0.265100
0.098007
0.032920
0.127415
0.104958
0.020153
0.051700
0.012617
0.204647
0.075208
0.061256
0.146360
0.089495
0.061242
0.042291
0.062894
0.103972
0.196948
0.157392
0.026249
0.209047
0.211827
0.040059
0.102728
0.069122
0.052266
0.029919
0.007733
0.137485
0.101108
0.112970
0.187533
0.122785
0.089462
0.032860
0.125645
0.266684
0.092511
0.050852
0.001481
0.023576
0.064793
0.013933
0.000880
0.119464
0.115617
0.161214
0.227930
0.186247
0.140447
0.112472
0.096348
0.076011
0.007193
0.033189
0.080298
0.085432
0.086376
0.013725
0.140330
0.054424
0.111373
0.305940
0.300881
0.273996
0.269731
0.072241
0.055045
0.059868
0.157709
0.148880
0.016458
0.015453
0.023660
0.144359
0.159508
0.019990
0.036227
0.117093
0.118322
0.142356
0.120291
0.106662
0.093395
0.045984
0.188638
0.101878
0.101607
0.056573
0.132454
0.114822
0.152979
0.104326
0.033302
0.023466
0.024696
0.002882
0.125848
0.011944
0.051811
0.023055
0.088881
0.098814
0.078950
0.035338
0.136449
0.065151
0.051751
0.103277
0.095653
0.111444
0.186931
0.078476
0.108373
0.039138
0.022990
0.006226
0.072717
0.016632
0.135262
0.085726
0.162731
0.321351
0.250890
0.190429
0.142195
0.049903
0.176207
0.162551
0.227979
0.327150
0.192791
0.100736
0.097531
0.077981
0.073480
0.115485
0.008482
0.104586
0.124445
0.037431
0.030839
0.011718
0.057162
0.175421
0.051391
0.001667
0.050410
0.177885
0.157309
0.162986
0.062166
0.026184
0.050826
0.068720
0.185924
0.123795
0.021776
0.155041
0.127226
0.181150
0.170913
0.096254
0.171018
0.248927
0.298736
0.179975
0.168015
0.055053
0.083389
0.101753
0.093522
0.212740
0.294613
0.252755
0.062972
0.144615
0.153529
0.067839
0.045082
0.037783
0.021947
0.119015
0.027629
0.072902
0.018498
0.140695
0.104365
0.030475
0.053465
0.037400
0.144964
0.154115
0.153274
0.150126
0.247205
0.097678
0.071044
0.190407
0.130784
0.015015
0.079066
0.020912
0.078225
0.192476
0.250058
0.143138
0.025365
0.017331
0.047463
0.085080
0.223445
0.220121
0.072958
0.046271
0.030198
0.026926
0.019127
0.015927
0.033709
0.071452
0.161347
0.187896
0.211171
0.092488
0.002168
0.103524
0.095508
0.270775
0.185914
0.065599
0.269617
0.248282
0.145133
0.135717
0.016555
0.063224
0.196509
0.018064
0.035752
0.135778
0.167775
0.023153
0.032451
0.162031
0.027572
0.057250
0.009499
0.077851
0.114597
0.316583
0.275761
0.054805
0.248838
0.254013
0.152567
0.002374
0.113238
0.063517
0.022808
0.025490
0.076078
0.168105
0.202813
0.083028
0.049707
0.118560
0.161453
0.250324
0.253424
0.210341
0.006642
0.105243
0.135908
0.008296
0.082348
0.091993
0.277742
0.154404
0.249502
0.304128
0.128910
0.058461
0.182093
0.009363
0.081577
0.015846
0.135854
0.255620
0.148276
0.003371
0.011507
0.054506
0.025892
0.117331
0.064632
0.102035
0.150621
0.067761
0.110613
0.135531
0.246044
0.174235
0.016784
0.091484
0.022280
0.032769
0.103769
0.021386
0.013229
0.030230
0.064839
0.081120
0.095459
0.036688
0.030873
0.127180
0.008978
0.125486
0.094627
0.072291
0.100493
0.058769
0.143744
0.123903
0.168014
0.007137
0.076228
0.112895
0.019481
0.077463
0.181696
0.145883
0.150228
0.148957
0.127589
0.012620
0.050965
0.047144
0.090702
0.189356
0.043980
0.167434
0.305922
0.359060
0.333576
0.194963
0.067127
0.019222
0.093807
0.074670
0.144282
0.176924
0.097377
0.019967
0.077816
0.073455
0.071042
0.026437
0.086873
0.000055
0.033131
0.096530
0.139536
0.012768
0.058139
0.035610
0.021322
0.161470
0.144747
0.201782
0.134106
0.080002
0.129500
0.224717
0.224730
0.162095
0.095385
0.040114
0.067040
0.034003
0.107124
0.307972
0.102582
0.071936
0.042793
0.143713
0.026109
0.100390
0.030256
0.083588
0.079585
0.077660
0.003150
0.092622
0.123491
0.002901
0.008614
0.075506
0.064592
0.117555
0.068617
0.053443
0.004879
0.072199
0.062043
0.039047
0.156451
0.098201
0.123313
0.247622
0.285470
0.249475
0.104611
0.048640
0.040974
0.084103
0.038743
0.030778
0.232433
0.085144
0.133001
0.013614
0.065299
0.067009
0.045526
0.102439
0.002357
0.016263
0.054455
0.165254
0.187297
0.115695
0.037580
0.061231
0.047429
0.057605
0.017863
0.038397
0.105027
0.091193
0.254149
0.281948
0.279160
0.187294
0.045921
0.117536
0.321864
0.277695
0.255341
0.251713
0.059075
0.096806
0.110783
0.142855
0.109613
0.096985
0.151496
0.105820
0.055296
0.045455
0.055206
0.212764
0.150373
0.239394
0.073778
0.054987
0.049864
0.142135
0.195401
0.132331
0.079570
0.236947
0.146392
0.264618
0.327006
0.139018
0.071187
0.078657
0.068619
0.105386
0.200263
0.014945
0.045218
0.056542
0.083564
0.078135
0.082751
0.165070
0.328007
0.258261
0.066400
0.041544
0.022181
0.191163
0.292865
0.090970
0.083873
0.044726
0.014931
0.082976
0.070983
0.031041
0.106142
0.042669
0.090306
0.027723
0.079602
0.090122
0.003193
0.037222
0.014907
0.082696
0.051174
0.063033
0.041944
0.075671
0.033971
0.116831
0.104854
0.003227
0.111925
0.188257
0.091587
0.057135
0.132707
0.216198
0.067420
0.050721
0.188407
0.277162
0.377541
0.367865
0.176544
0.151692
0.169346
0.136399
0.138246
0.269842
0.275637
0.183089
0.101758
0.050993
0.069391
0.022977
0.015721
0.058965
0.073129
0.064475
0.049248
0.001032
0.084308
0.215002
0.062046
0.109677
0.066609
0.003251
0.071305
0.205990
0.307440
0.346378
0.102060
0.106339
0.202987
0.220868
0.226032
0.056883
0.030256
0.015664
0.080810
0.185911
0.213390
0.010431
0.049010
0.159378
0.100181
0.038263
0.094786
0.157019
0.039801
0.091269
0.010415
0.033121
0.098137
0.184361
0.220452
0.083553
0.000228
0.030134
0.028477
0.011764
0.068453
0.331988
0.248959
0.217342
0.209655
0.191913
0.166297
0.008144
0.074976
0.065321
0.089433
0.036301
0.206531
0.262782
0.118221
0.044845
0.026152
0.151920
0.112009
0.008259
0.038401
0.035074
0.009791
0.034400
0.007334
0.104377
0.081904
0.010347
0.115912
0.082411
0.034131
0.037009
0.102669
0.200809
0.253502
0.136018
0.036227
0.198799
0.204632
0.122617
0.058097
0.018942
0.002540
0.005427
0.019323
0.191799
0.130436
0.067593
0.200183
0.162061
0.006854
0.039164
0.052564
0.156195
0.070299
0.015112
0.075352
0.179484
0.216741
0.143416
0.116482
0.145937
0.269377
0.240945
0.130139
0.041932
0.092802
0.150860
0.103391
0.066564
0.114479
0.088911
0.025884
0.055786
0.102519
0.142173
0.171490
0.118790
0.048082
0.002661
0.037098
0.010455
0.027741
0.009784
0.015638
0.082602
0.101523
0.104100
0.133898
0.057630
0.106729
0.088136
0.093149
0.210904
0.189770
0.202411
0.134220
0.023962
0.194828
0.122974
0.030126
0.031472
0.227216
0.121881
0.097965
0.050197
0.009841
0.070923
0.133855
0.126726
0.209392
0.183731
0.111063
0.156395
0.139848
0.002552
0.028583
0.073732
0.069157
0.041619
0.054804
0.057258
0.015328
0.062974
0.164618
0.114784
0.111965
0.158107
0.099021
0.049088
0.151297
0.178047
0.139040
0.038234
0.081121
0.076265
0.192016
0.161015
0.281265
0.108983
0.002532
0.114727
0.093882
0.018411
0.093522
0.015302
0.061442
0.158455
0.129594
0.090335
0.009947
0.066019
0.087550
0.079456
0.061358
0.030213
0.081033
0.115032
0.106691
0.028587
0.011927
0.016030
0.052362
0.017192
0.105034
0.040678
0.009524
0.073973
0.218778
0.133930
0.026676
0.004387
0.028068
0.012402
0.081779
0.169928
0.056807
0.041342
0.045242
0.046361
0.065398
0.130729
0.048299
0.006554
0.157921
0.162984
0.074315
0.067983
0.135069
0.044688
0.020418
0.052523
0.047966
0.049982
0.037188
0.125405
0.180794
0.307291
0.231327
0.035389
0.058073
0.117968
0.034354
0.056432
0.018553
0.014620
0.156145
0.164481
0.018099
0.023713
0.137336
0.081043
0.075553
0.042761
0.048008
0.159351
0.032327
0.086557
0.115185
0.145047
0.026003
0.018024
0.026659
0.016436
0.151683
0.218054
0.202739
0.078368
0.002716
0.023571
0.113547
0.091414
0.039895
0.132992
0.058727
0.091887
0.084658
0.043037
0.089210
0.000280
0.002761
0.092657
0.090737
0.234537
0.279136
0.235210
0.151536
0.103709
0.111572
0.191300
0.082172
0.104837
0.213945
0.108534
0.090588
0.094861
0.062557
0.048845
0.008642
0.078933
0.219002
0.139205
0.247186
0.034915
0.072533
0.126182
0.106380
0.034114
0.104798
0.035004
0.030008
0.038866
0.128978
0.010866
0.064986
0.022388
0.057771
0.076217
0.097346
0.054953
0.131638
0.190566
0.161256
0.029361
0.121015
0.122010
0.005607
0.037903
0.000048
0.086185
0.116433
0.398249
0.134245
0.061376
0.101269
0.061629
0.179557
0.296931
0.186771
0.085655
0.198032
0.170607
0.192399
0.177804
0.181242
0.244406
0.215373
0.149155
0.173197
0.191063
0.259587
0.117540
0.080809
0.157442
0.169066
0.094733
0.212891
0.107727
0.174996
0.026669
0.034687
0.018482
0.187336
0.132527
0.035833
0.061665
0.056004
0.058571
0.122731
0.137697
0.107619
0.133401
0.049557
0.099289
0.004885
0.086094
0.024624
0.047974
0.138532
0.206593
0.216624
0.150628
0.077648
0.014842
0.012043
0.078223
0.175319
0.097530
0.107073
0.021580
0.108231
0.146127
0.015267
0.149454
0.167018
0.148174
0.057787
0.015165
0.035029
0.004548
0.026484
0.114880
0.070978
0.053021
0.018139
0.118035
0.157535
0.323374
0.261540
0.193914
0.084125
0.072948
0.064562
0.154853
0.237020
0.310707
0.303040
0.310095
0.180501
0.022788
0.258481
0.274530
0.015776
0.049086
0.026087
0.075180
0.023224
0.120333
0.172284
0.090446
0.276484
0.250701
0.295340
0.203944
0.111478
0.100282
0.011904
0.013260
0.070100
0.014583
0.192101
0.123448
0.033560
0.150782
0.275311
0.215150
0.136567
0.062941
0.168413
0.087467
0.133334
0.075248
0.101784
0.229405
0.006697
0.013105
0.028589
0.097294
0.009836
0.141238
0.056861
0.140016
0.113211
0.008191
0.011536
0.160794
0.203501
0.045354
0.075353
0.099835
0.190026
0.160776
0.048323
0.114854
0.010435
0.031707
0.031090
0.072328
0.298120
0.009917
0.177199
0.236170
0.269815
0.174397
0.068269
0.114265
0.075879
0.094155
0.050382
0.222689
0.104558
0.013013
0.080885
0.024488
0.151089
0.088834
0.020951
0.110737
0.085268
0.111133
0.193032
0.039578
0.012058
0.049253
0.123671
0.148103
0.130539
0.130694
0.068222
0.026864
0.038108
0.006069
0.209412
0.134175
0.221656
0.164872
0.014017
0.205496
0.222014
0.087567
0.096712
0.020597
0.010145
0.049008
0.030869
0.081162
0.054484
0.087739
0.137821
0.158574
0.135063
0.149106
0.068266
0.016075
0.008546
0.077698
0.077973
0.185141
0.135052
0.172987
0.136317
0.197377
0.243604
0.321769
0.213780
0.095908
0.052810
0.189635
0.091763
0.207263
0.182819
0.027046
0.043170
0.075545
0.077884
0.078646
0.037105
0.047120
0.077209
0.070879
0.104407
0.082815
0.016306
0.122066
0.130677
0.290784
0.279099
0.086567
0.031853
0.038813
0.022883
0.023149
0.047066
0.015052
0.065924
0.189881
0.020445
0.074277
0.042499
0.137172
0.176095
0.076800
0.100393
0.052383
0.030544
0.165490
0.018380
0.015051
0.132708
0.004259
0.043610
0.065658
0.037880
0.157673
0.236751
0.115172
0.132381
0.110323
0.068836
0.083157
0.036589
0.023763
0.005409
0.102229
0.149872
0.063104
0.024351
0.100185
0.113918
0.037971
0.016786
0.165120
0.198892
0.160261
0.211175
0.067727
0.067583
0.053174
0.041083
0.056491
0.048312
0.145919
0.124921
0.006721
0.013490
0.150432
0.053055
0.017779
0.048226
0.034058
0.096498
0.025259
0.154462
0.080169
0.008988
0.155141
0.135322
0.006144
0.054384
0.255704
0.213382
0.123359
0.071585
0.058918
0.041588
0.209852
0.141791
0.167839
0.111349
0.004162
0.085483
0.248292
0.129025
0.051862
0.096838
0.141168
0.003247
0.069383
0.069545
0.150198
0.138126
0.180838
0.061008
0.115572
0.107151
0.023734
0.102567
0.079632
0.194284
0.176281
0.054301
0.005173
0.097665
0.125629
0.143543
0.048638
0.152371
0.177003
0.003968
0.035142
0.010795
0.003661
0.077501
0.035262
0.055182
0.079111
0.015527
0.176417
0.103656
0.015260
0.018945
0.096624
0.065278
0.221595
0.066740
0.001474
0.145277
0.184214
0.055796
0.039347
0.111422
0.100131
0.018186
0.021733
0.158504
0.166264
0.191011
0.229155
0.185794
0.078615
0.036178
0.083066
0.090176
0.110835
0.066099
0.086332
0.025461
0.023955
0.010906
0.023956
0.192279
0.196130
0.273111
0.092450
0.146804
0.050660
0.073564
0.206302
0.230502
0.269123
0.151938
0.055645
0.080955
0.042373
0.028983
0.128604
0.103978
0.051442
0.043262
0.113363
0.251854
0.218231
0.276222
0.303171
0.297052
0.416345
0.347036
0.097666
0.099223
0.038753
0.069905
0.175319
0.395664
0.166307
0.054860
0.078965
0.211781
0.135341
0.166125
0.058754
0.179895
0.462429
0.237866
0.034727
0.298512
0.111957
0.064767
0.021050
0.056690
0.238504
0.246809
0.168714
0.251111
0.401376
0.366665
0.124129
0.064425
0.280249
0.371414
0.177393
0.282381
0.053149
0.065931
0.252159
0.163040
0.030938
0.086277
0.009642
0.061284
0.021168
0.234186
0.207823
0.105680
0.023258
0.164453
0.023597
0.049947
0.182614
0.024003
0.067200
0.202852
0.057445
0.035498
0.082071
0.059787
0.056027
0.056531
0.049103
0.024825
0.019243
0.114852
0.148607
0.028041
0.074502
0.044566
0.019594
0.025346
0.112541
0.154954
0.232791
0.080594
0.100346
0.054341
0.095863
0.007849
0.108942
0.174860
0.206627
0.011171
0.186651
0.087716
0.128577
0.005028
0.034883
0.120484
0.147231
0.075360
0.069811
0.014906
0.034846
0.153872
0.177507
0.233808
0.305454
0.283082
0.181866
0.137248
0.029503
0.086623
0.078902
0.022915
0.169008
0.025474
0.098265
0.242710
0.327314
0.005518
0.055610
0.000400
0.128714
0.000456
0.158691
0.256910
0.058455
0.099682
0.165474
0.035945
0.100919
0.231108
0.059335
0.093334
0.147632
0.016202
0.139814
0.108306
0.156319
0.059937
0.017740
0.021625
0.053843
0.098553
0.074282
0.108486
0.169571
0.168633
0.074862
0.094626
0.054379
0.031366
0.047640
0.131911
0.071783
0.014339
0.024505
0.094444
0.154355
0.087710
0.130532
0.048589
0.227599
0.296176
0.369174
0.254019
0.148365
0.276793
0.227277
0.070514
0.054854
0.092647
0.072432
0.035366
0.019723
0.138271
0.013386
0.201955
0.152375
0.109280
0.049403
0.072703
0.139180
0.044659
0.052323
0.164889
0.103894
0.027042
0.084189
0.200751
0.190237
0.034147
0.019109
0.114788
0.019460
0.260414
0.358328
0.280221
0.157470
0.167463
0.027900
0.120795
0.038617
0.017021
0.019021
0.058408
0.078722
0.020065
0.025794
0.103846
0.125907
0.233600
0.342502
0.350601
0.276290
0.247733
0.044036
0.063399
0.066220
0.165191
0.068889
0.062420
0.045312
0.025626
0.101564
0.178555
0.150090
0.260541
0.317684
0.255827
0.142722
0.038081
0.033043
0.047425
0.094917
0.147194
0.314372
0.190494
0.067445
0.055217
0.010328
0.053069
0.019698
0.026186
0.089277
0.144697
0.115660
0.043783
0.245236
0.011500
0.050445
0.106231
0.064351
0.004255
0.047066
0.051745
0.138008
0.081663
0.048042
0.280968
0.315537
0.281713
0.097325
0.051160
0.033002
0.263586
0.268139
0.160897
0.043645
0.003900
0.013380
0.067503
0.241808
0.077127
0.124545
0.022612
0.100608
0.110806
0.030963
0.280526
0.258422
0.242198
0.112331
0.063563
0.228629
0.294285
0.284875
0.189629
0.192207
0.221160
0.144620
0.102664
0.155695
0.122174
0.091815
0.003037
0.022449
0.004357
0.041200
0.067608
0.036294
0.116190
0.033963
0.033071
0.056691
0.067300
0.156502
0.011671
0.009125
0.104485
0.069697
0.229344
0.267529
0.077497
0.020883
0.045721
0.021932
0.177013
0.182975
0.175151
0.130046
0.053944
0.184358
0.131633
0.071323
0.082675
0.129993
0.059564
0.033796
0.232615
0.134679
0.142970
0.114384
0.036082
0.073476
0.237445
0.182849
0.044088
0.017355
0.081031
0.108186
0.072527
0.057782
0.105421
0.012071
0.110214
0.007602
0.057629
0.090731
0.155864
0.109076
0.109439
0.116810
0.083725
0.023185
0.082432
0.028234
0.145210
0.175779
0.091426
0.150900
0.143883
0.184823
0.034183
0.022313
0.104579
0.070692
0.031382
0.071907
0.122988
0.024420
0.087010
0.165089
0.148273
0.145803
0.039666
0.058766
0.117516
0.116066
0.046542
0.026324
0.075184
0.114455
0.102583
0.003322
0.018156
0.001470
0.019955
0.252094
0.172507
0.123339
0.175228
0.133759
0.145909
0.036355
0.099619
0.017380
0.012480
0.181197
0.187881
0.066055
0.034686
0.117430
0.228146
0.293685
0.151021
0.216209
0.098211
0.277227
0.328579
0.303164
0.260507
0.168736
0.026740
0.162774
0.272973
0.189734
0.171993
0.166070
0.169536
0.230972
0.233216
0.056633
0.013578
0.076399
0.181816
0.026910
0.162750
0.025721
0.092149
0.121291
0.218229
0.117099
0.107869
0.118686
0.154089
0.189043
0.165988
0.102974
0.172913
0.307756
0.182696
0.057204
0.041565
0.178658
0.295541
0.256017
0.115145
0.162219
0.051880
0.061687
0.186606
0.143956
0.039008
0.007168
0.041056
0.073199
0.020458
0.013940
0.119465
0.018306
0.119881
0.117172
0.025252
0.089917
0.236813
0.202138
0.049370
0.053014
0.065145
0.051266
0.053973
0.161546
0.254846
0.238185
0.209217
0.073517
0.169853
0.137518
0.081926
0.168315
0.137694
0.129077
0.013591
0.008760
0.044797
0.176563
0.427393
0.358892
0.214060
0.142635
0.044834
0.055161
0.147472
0.104387
0.165390
0.352240
0.041284
0.382327
0.285948
0.162814
0.068280
0.016079
0.056660
0.255225
0.267395
0.104481
0.145243
0.081581
0.035467
0.068861
0.109164
0.033038
0.162963
0.213747
0.148964
0.009009
0.012922
0.089876
0.098954
0.178937
0.074825
0.099813
0.073114
0.208274
0.014549
0.070213
0.032359
0.132767
0.052539
0.138668
0.072277
0.185176
0.174030
0.110220
0.126612
0.181627
0.128850
0.175676
0.095679
0.124065
0.231640
0.046116
0.063459
0.195459
0.126422
0.008472
0.067613
0.087601
0.063872
0.015972
0.064681
0.167554
0.218889
0.017180
0.201553
0.113428
0.034696
0.004144
0.023786
0.017490
0.019040
0.126000
0.167480
0.198410
0.052113
0.111435
0.018158
0.026567
0.090361
0.056267
0.033946
0.106169
0.163254
0.308191
0.178955
0.076991
0.189766
0.115972
0.059361
0.014487
0.017441
0.036641
0.079041
0.060868
0.035147
0.022778
0.073589
0.227655
0.110129
0.053022
0.019609
0.102207
0.127219
0.177640
0.264869
0.268122
0.217265
0.143040
0.065733
0.180952
0.292176
0.180665
0.086382
0.052805
0.004968
0.087784
0.129128
0.057281
0.041751
0.077347
0.028482
0.046558
0.027264
0.081774
0.021387
0.040593
0.112444
0.032096
0.043790
0.072368
0.061636
0.152140
0.099095
0.029430
0.051825
0.067008
0.004910
0.055838
0.016181
0.108986
0.016817
0.051334
0.073946
0.017788
0.043395
0.065633
0.045338
0.035281
0.095878
0.049837
0.044315
0.032569
0.062344
0.014752
0.060361
0.272824
0.217445
0.136416
0.118008
0.033930
0.012428
0.120326
0.083152
0.044739
0.068432
0.177941
0.140419
0.217094
0.128034
0.085645
0.042070
0.039607
0.033459
0.216783
0.095697
0.013142
0.029427
0.064218
0.067152
0.187802
0.110657
0.087871
0.078354
0.054253
0.122673
0.130227
0.109281
0.036959
0.103471
0.011665
0.122184
0.122744
0.011540
0.045517
0.005410
0.144196
0.133028
0.194794
0.294464
0.338086
0.222241
0.140628
0.141029
0.094093
0.055526
0.038503
0.034282
0.015511
0.030979
0.059656
0.012108
0.060953
0.027373
0.023797
0.045034
0.035030
0.009715
0.046694
0.117306
0.055273
0.003113
0.079793
0.071060
0.064419
0.155070
0.163519
0.098924
0.094066
0.147826
0.102921
0.029602
0.048659
0.018682
0.074525
0.160923
0.188176
0.195602
0.007191
0.154341
0.132848
0.196804
0.069713
0.143700
0.200006
0.042467
0.072478
0.040201
0.059298
0.026401
0.022850
0.031246
0.068160
0.072251
0.009308
0.019891
0.067497
0.103649
0.014075
0.090626
0.004212
0.071021
0.133515
0.025870
0.115092
0.090752
0.023179
0.230615
0.276157
0.201442
0.149501
0.190778
0.061545
0.052545
0.024860
0.019187
0.064161
0.218585
0.173004
0.045083
0.019000
0.003209
0.085464
0.034661
0.100605
0.158379
0.079806
0.043975
0.067555
0.203238
0.133738
0.146266
0.091381
0.064506
0.182667
0.056577
0.132991
0.038034
0.062512
0.065148
0.174123
0.119734
0.126873
0.001168
0.168713
0.187108
0.099215
0.108980
0.182802
0.007103
0.026461
0.048615
0.109777
0.119887
0.037103
0.022769
0.085443
0.018199
0.055072
0.037923
0.036041
0.073422
0.112833
0.024568
0.012750
0.046416
0.073909
0.154707
0.411148
0.301254
0.194309
0.043214
0.141404
0.133960
0.239293
0.096296
0.027671
0.027778
0.102045
0.174420
0.134586
0.143284
0.047863
0.096175
0.026703
0.103673
0.079821
0.088108
0.049116
0.056230
0.096715
0.018427
0.031023
0.015425
0.157553
0.083160
0.114899
0.008332
0.065638
0.057215
0.070588
0.154306
0.143581
0.067144
0.078404
0.033718
0.072507
0.077403
0.126545
0.055425
0.106183
0.140641
0.214850
0.254890
0.217232
0.235080
0.359563
0.205215
0.136320
0.183473
0.096545
0.102012
0.001190
0.039175
0.011172
0.038289
0.102096
0.117277
0.019185
0.037299
0.013395
0.022869
0.043304
0.077307
0.066035
0.074970
0.097182
0.089980
0.136346
0.043575
0.034096
0.008572
0.087543
0.008762
0.045001
0.024751
0.014175
0.043478
0.012286
0.040518
0.100434
0.168236
0.156978
0.060459
0.100767
0.149992
0.163471
0.100801
0.135555
0.027632
0.075015
0.027738
0.114670
0.090721
0.076500
0.082270
0.061202
0.169530
0.036167
0.045133
0.041989
0.083812
0.072513
0.155993
0.068661
0.089751
0.027290
0.062065
0.067473
0.011321
0.009461
0.241617
0.198479
0.161220
0.171730
0.160866
0.248406
0.205132
0.067359
0.090448
0.211355
0.175915
0.086506
0.004865
0.127002
0.104146
0.125861
0.015597
0.000662
0.092094
0.107850
0.058740
0.038611
0.132827
0.090602
0.037418
0.022668
0.093737
0.162817
0.248500
0.121821
0.069793
0.021491
0.077192
0.026756
0.003064
0.039903
0.082889
0.200809
0.086419
0.151672
0.014048
0.093034
0.114035
0.118774
0.054781
0.068872
0.085893
0.103455
0.126166
0.029486
0.017352
0.112818
0.037048
0.037792
0.148592
0.101667
0.003011
0.106492
0.065199
0.053168
0.072068
0.008393
0.051193
0.090975
0.005457
0.037042
0.003759
0.059114
0.090318
0.080079
0.081537
0.021922
0.045830
0.105174
0.038163
0.196322
0.239547
0.152519
0.181622
0.118461
0.120253
0.155017
0.179907
0.127518
0.147711
0.211262
0.104814
0.135946
0.279053
0.284038
0.156403
0.033546
0.028064
0.023683
0.064401
0.004667
0.041782
0.043125
0.174618
0.229316
0.134895
0.032294
0.049098
0.023987
0.010046
0.047344
0.004229
0.037238
0.031730
0.079399
0.105412
0.033875
0.001801
0.056566
0.095183
0.046851
0.042156
0.055329
0.046519
0.001890
0.133155
0.059441
0.032855
0.050442
0.055265
0.090475
0.083510
0.071130
0.134865
0.167535
0.236184
0.153070
0.053443
0.010028
0.017415
0.087822
0.015138
0.051706
0.007338
0.080196
0.022261
0.048309
0.054092
0.055771
0.060506
0.007696
0.008037
0.020585
0.045360
0.069699
0.029452
0.146635
0.156582
0.091339
0.311241
0.265031
0.174965
0.072591
0.115039
0.067253
0.008022
0.040132
0.106153
0.087893
0.078723
0.141399
0.097835
0.106226
0.092606
0.011900
0.102598
0.017137
0.078983
0.123083
0.157610
0.182965
0.112668
0.087627
0.025181
0.117619
0.202470
0.353601
0.158884
0.003865
0.025799
0.107291
0.088238
0.003625
0.079051
0.019445
0.073965
0.037757
0.021298
0.083409
0.091045
0.036942
0.063071
0.042023
0.271721
0.266783
0.265664
0.045619
0.076763
0.222191
0.212623
0.113876
0.013000
0.026064
0.115882
0.108540
0.034104
0.064227
0.058457
0.160619
0.038894
0.042204
0.083553
0.185418
0.194169
0.227600
0.277870
0.351072
0.161233
0.039051
0.000735
0.095446
0.110301
0.119156
0.015886
0.130129
0.011406
0.134202
0.230800
0.228975
0.307597
0.112445
0.060976
0.178041
0.015852
0.078768
0.109062
0.006162
0.142519
0.096035
0.044320
0.016262
0.156352
0.195060
0.132489
0.134302
0.075038
0.102457
0.079782
0.080309
0.077483
0.122382
0.107409
0.058639
0.006544
0.039067
0.147581
0.045130
0.027675
0.004192
0.186789
0.094396
0.015320
0.014713
0.048271
0.042624
0.108614
0.189078
0.192307
0.051554
0.013588
0.013589
0.015229
0.143695
0.130751
0.185416
0.065976
0.054539
0.059713
0.117974
0.171572
0.241865
0.140597
0.048755
0.051959
0.160112
0.221504
0.187352
0.148445
0.037482
0.033419
0.064808
0.045140
0.125548
0.149161
0.036332
0.053780
0.038095
0.092361
0.245318
0.150682
0.134120
0.241317
0.239406
0.096035
0.112136
0.163751
0.309803
0.115811
0.042745
0.024940
0.172483
0.075595
0.079322
0.051999
0.108669
0.063077
0.060212
0.005351
0.075205
0.072941
0.196393
0.029935
0.153134
0.282380
0.161311
0.080193
0.274333
0.122362
0.060526
0.118385
0.106046
0.039388
0.191083
0.196333
0.159759
0.133114
0.137346
0.331488
0.198118
0.285375
0.313591
0.231935
0.261798
0.110401
0.056669
0.008169
0.264095
0.223159
0.132965
0.100004
0.042753
0.002929
0.021362
0.015107
0.065496
0.039766
0.120590
0.120760
0.064179
0.035877
0.069611
0.164058
0.253026
0.011793
0.021000
0.011164
0.078994
0.074161
0.010882
0.062490
0.246897
0.161256
0.008528
0.145707
0.128782
0.180122
0.255170
0.209513
0.198562
0.013898
0.126309
0.165586
0.186359
0.039394
0.206929
0.026024
0.081485
0.163697
0.222413
0.046914
0.073435
0.212315
0.265097
0.312586
0.342523
0.115717
0.008156
0.015105
0.001577
0.142468
0.105198
0.198609
0.108470
0.262890
0.295394
0.070490
0.119551
0.167528
0.225228
0.146404
0.064234
0.085428
0.110504
0.087393
0.162915
0.304567
0.302660
0.098585
0.075220
0.147376
0.017616
0.072493
0.015211
0.144169
0.199047
0.076631
0.002286
0.140941
0.020136
0.014646
0.238151
0.323504
0.128185
0.265814
0.327549
0.343664
0.324080
0.158020
0.278472
0.129924
0.181061
0.041571
0.011706
0.261621
0.237651
0.303703
0.272052
0.034329
0.071803
0.134249
0.038961
0.086970
0.006532
0.240352
0.031600
0.096524
0.017294
0.052730
0.040561
0.181010
0.355650
0.167127
0.026092
0.011973
0.039190
0.038052
0.039197
0.177740
0.020732
0.038505
0.265090
0.282437
0.095387
0.151089
0.173270
0.040167
0.155319
0.198609
0.378166
0.440636
0.285938
0.091046
0.034752
0.074827
0.043508
0.154687
0.097952
0.006119
0.084207
0.053632
0.051250
0.140452
0.051142
0.101000
0.126335
0.055861
0.045499
0.115619
0.208989
0.102255
0.150804
0.303601
0.263106
0.200508
0.095339
0.010606
0.080544
0.056220
0.013571
0.150716
0.129276
0.110939
0.217623
0.122032
0.099576
0.032151
0.118458
0.102481
0.156167
0.164696
0.055622
0.154815
0.148163
0.129209
0.190430
0.028016
0.165029
0.203131
0.231167
0.210336
0.126320
0.020816
0.041550
0.062776
0.072466
0.236812
0.096045
0.090657
0.120405
0.004580
0.037206
0.162067
0.008173
0.042146
0.002134
0.011825
0.036777
0.122974
0.051489
0.103281
0.001682
0.093965
0.057080
0.052126
0.017278
0.197770
0.139201
0.270513
0.065583
0.034329
0.100682
0.104978
0.051638
0.017826
0.088025
0.123426
0.070399
0.168511
0.074149
0.096029
0.108800
0.070295
0.147380
0.078780
0.048562
0.123354
0.029311
0.072799
0.154655
0.234789
0.435728
0.260093
0.029298
0.111721
0.024920
0.172062
0.205579
0.141802
0.007659
0.139846
0.016475
0.168562
0.030407
0.068760
0.041147
0.005411
0.022244
0.065414
0.110129
0.061896
0.063343
0.036281
0.151364
0.193275
0.066399
0.138156
0.127127
0.189854
0.128099
0.004598
0.157674
0.191865
0.102914
0.063396
0.249481
0.003327
0.031474
0.075938
0.052704
0.008048
0.073820
0.207067
0.192882
0.000201
0.074738
0.131728
0.113948
0.196860
0.207607
0.254250
0.243848
0.196222
0.168700
0.012973
0.030722
0.013197
0.021550
0.030245
0.017256
0.081054
0.115293
0.130322
0.012937
0.093775
0.021942
0.035302
0.001063
0.024690
0.157754
0.193645
0.147458
0.106842
0.038304
0.171454
0.141927
0.038843
0.101586
0.170313
0.153586
0.038508
0.071017
0.128964
0.016473
0.053106
0.053356
0.059947
0.004107
0.168748
0.182192
0.158831
0.133838
0.160308
0.041313
0.062801
0.041067
0.130744
0.052169
0.029950
0.054173
0.180132
0.200349
0.058106
0.108899
0.013521
0.129061
0.082521
0.015616
0.077071
0.103493
0.052335
0.054304
0.003219
0.049546
0.009197
0.113945
0.197120
0.363290
0.341307
0.227839
0.185993
0.014759
0.190690
0.114934
0.052753
0.010797
0.146639
0.105623
0.006459
0.036149
0.140061
0.265211
0.002951
0.126209
0.156852
0.060318
0.040879
0.066096
0.019036
0.057300
0.113606
0.209622
0.090206
0.085699
0.066714
0.146471
0.149790
0.187454
0.184880
0.022800
0.043966
0.267943
0.138439
0.074912
0.030578
0.104115
0.035385
0.042229
0.091117
0.055367
0.075677
0.242599
0.218295
0.144941
0.058711
0.115715
0.092407
0.114418
0.029609
0.060545
0.040710
0.025708
0.062366
0.159052
0.352263
0.170520
0.050554
0.058655
0.095097
0.239739
0.007175
0.077035
0.076019
0.169014
0.057957
0.073724
0.290591
0.316492
0.286673
0.112810
0.015862
0.099759
0.138430
0.257534
0.272030
0.088160
0.026417
0.050997
0.214562
0.449673
0.403064
0.286666
0.318744
0.198652
0.128314
0.112713
0.061906
0.000895
0.097210
0.120773
0.069880
0.070024
0.024316
0.001646
0.064043
0.043459
0.061146
0.045638
0.118698
0.095446
0.052980
0.008001
0.240165
0.088476
0.029106
0.030477
0.036752
0.043540
0.213715
0.055591
0.144276
0.085240
0.093613
0.105428
0.075953
0.104158
0.158259
0.225960
0.125770
0.005067
0.046848
0.041259
0.040765
0.099496
0.146062
0.060032
0.014528
0.021543
0.068869
0.006233
0.197933
0.253206
0.232635
0.186527
0.073227
0.004333
0.079078
0.070982
0.181925
0.093579
0.160053
0.215985
0.157479
0.209231
0.123027
0.009368
0.116397
0.269695
0.021877
0.165090
0.044487
0.095094
0.116804
0.198279
0.239768
0.168593
0.039731
0.097576
0.084523
0.197478
0.237688
0.240699
0.060361
0.111297
0.053101
0.067884
0.018256
0.078971
0.095959
0.047412
0.096997
0.047221
0.039860
0.037588
0.142605
0.168794
0.165077
0.202259
0.122783
0.039313
0.025555
0.151688
0.029924
0.046800
0.193706
0.285380
0.306130
0.289307
0.084744
0.408848
0.360146
0.128136
0.043357
0.122366
0.036547
0.135204
0.017908
0.100035
0.160574
0.186522
0.080937
0.239233
0.160743
0.046336
0.031364
0.016781
0.049561
0.107230
0.114773
0.128379
0.256873
0.221479
0.314225
0.000058
0.044029
0.094883
0.023324
0.008545
0.204645
0.148654
0.009674
0.005320
0.007785
0.133363
0.130325
0.070943
0.023250
0.028354
0.042602
0.201283
0.149636
0.047243
0.104591
0.067613
0.100773
0.113701
0.082393
0.008779
0.021191
0.009308
0.088075
0.000494
0.047029
0.290198
0.164476
0.151474
0.051576
0.104561
0.091227
0.043829
0.042252
0.034930
0.157780
0.139791
0.095666
0.015531
0.043248
0.011945
0.097731
0.052034
0.016321
0.027122
0.054267
0.025751
0.193762
0.216455
0.194274
0.302868
0.314538
0.251858
0.221234
0.262480
0.126490
0.054237
0.047570
0.090544
0.113848
0.034650
0.172107
0.172321
0.104058
0.103377
0.115705
0.023863
0.064341
0.106960
0.019725
0.081669
0.180148
0.061783
0.099193
0.173093
0.092461
0.010254
0.177629
0.091982
0.044543
0.026094
0.224562
0.248298
0.099114
0.030018
0.042398
0.166294
0.151571
0.081151
0.085182
0.155719
0.238413
0.180226
0.044011
0.187614
0.089738
0.035392
0.017488
0.124377
0.082746
0.218451
0.126378
0.182715
0.217781
0.251436
0.157874
0.112414
0.111603
0.189528
0.080499
0.090544
0.184827
0.122259
0.025105
0.010304
0.037292
0.005922
0.134368
0.049852
0.044179
0.209684
0.263076
0.375094
0.402945
0.213906
0.036361
0.151250
0.103982
0.004011
0.097230
0.257107
0.271535
0.136174
0.126713
0.079931
0.085922
0.219510
0.074341
0.017958
0.046720
0.046239
0.027761
0.059653
0.045656
0.031840
0.036837
0.029199
0.035640
0.141539
0.061635
0.072965
0.335848
0.263725
0.212345
0.053559
0.006400
0.029116
0.037678
0.080942
0.004198
0.124499
0.299944
0.160209
0.046577
0.122960
0.174342
0.163164
0.146665
0.110270
0.045146
0.034345
0.074458
0.120161
0.074005
0.059078
0.213408
0.009203
0.036951
0.036847
0.017533
0.003340
0.021240
0.145873
0.141703
0.165583
0.212813
0.137863
0.182816
0.061010
0.015534
0.170400
0.097433
0.040902
0.084716
0.031411
0.004700
0.006325
0.091311
0.124203
0.090640
0.060684
0.073497
0.207401
0.167890
0.116646
0.047411
0.086626
0.149459
0.098150
0.262342
0.220607
0.107645
0.070470
0.011534
0.106929
0.191974
0.204278
0.058948
0.149206
0.130762
0.123521
0.062113
0.011504
0.040442
0.128915
0.160652
0.072290
0.111693
0.181763
0.159748
0.191097
0.092772
0.083819
0.021338
0.060805
0.125336
0.060585
0.046734
0.085695
0.209466
0.009297
0.158412
0.200573
0.214476
0.140134
0.034873
0.081698
0.037125
0.079687
0.038554
0.032958
0.125314
0.007566
0.007978
0.069232
0.017076
0.039735
0.072563
0.013662
0.095455
0.162050
0.233033
0.127128
0.088916
0.190399
0.103225
0.019281
0.197085
0.210107
0.163395
0.080451
0.005296
0.011411
0.127737
0.074730
0.009941
0.076371
0.137773
0.054569
0.181613
0.245115
0.315209
0.243447
0.240071
0.061406
0.063253
0.145363
0.115769
0.028237
0.022566
0.120917
0.181940
0.268129
0.228234
0.171500
0.103779
0.028089
0.005269
0.201067
0.150644
0.249283
0.066612
0.070542
0.097319
0.022976
0.026193
0.017459
0.003332
0.027473
0.081886
0.097733
0.000565
0.028873
0.007722
0.021314
0.084246
0.088183
0.106449
0.090117
0.202341
0.059439
0.006667
0.002489
0.080820
0.046031
0.065428
0.074801
0.140508
0.184517
0.169889
0.128598
0.057834
0.102491
0.011951
0.096396
0.049958
0.074011
0.132481
0.002203
0.051009
0.008951
0.040562
0.106310
0.075294
0.031261
0.017669
0.083204
0.090774
0.076442
0.131429
0.043607
0.065411
0.041943
0.004555
0.019219
0.061216
0.060670
0.178291
0.119880
0.101450
0.126296
0.066248
0.012240
0.113146
0.114078
0.078152
0.067615
0.025653
0.148874
0.132664
0.139643
0.083935
0.116983
0.135683
0.090425
0.020582
0.016258
0.034272
0.091399
0.069913
0.010778
0.042380
0.003894
0.000152
0.057291
0.143192
0.104733
0.004821
0.006393
0.168285
0.239956
0.163932
0.046530
0.103539
0.142571
0.088389
0.019007
0.023258
0.065184
0.159861
0.009598
0.068925
0.157371
0.036581
0.081354
0.068531
0.084041
0.003945
0.052658
0.137248
0.074345
0.217347
0.187184
0.144268
0.030213
0.096432
0.024894
0.004861
0.008897
0.210521
0.012830
0.035572
0.045738
0.081450
0.056732
0.137947
0.238190
0.102880
0.064738
0.074771
0.216755
0.001128
0.115900
0.080804
0.018378
0.006566
0.227777
0.097977
0.121362
0.009906
0.044689
0.055814
0.042244
0.010461
0.026188
0.026874
0.191041
0.257382
0.144147
0.089464
0.197883
0.076367
0.056597
0.078872
0.193135
0.040548
0.066587
0.013561
0.003747
0.048688
0.157882
0.099599
0.019161
0.003658
0.178202
0.210411
0.080419
0.026420
0.093426
0.045224
0.099138
0.096712
0.095098
0.165919
0.060168
0.048700
0.114344
0.106830
0.029240
0.009491
0.083033
0.081379
0.094983
0.133508
0.161342
0.056487
0.082901
0.026115
0.037676
0.127546
0.003071
0.146990
0.196504
0.165640
0.065206
0.065513
0.046377
0.026876
0.027972
0.052174
0.084261
0.068136
0.068915
0.067358
0.036940
0.108840
0.034621
0.071198
0.082759
0.210443
0.078163
0.076962
0.099364
0.078665
0.141243
0.051499
0.001279
0.029210
0.020095
0.185985
0.072653
0.231131
0.188797
0.033609
0.186462
0.148852
0.055975
0.043169
0.002245
0.165081
0.095447
0.056305
0.153281
0.089665
0.021569
0.097476
0.006441
0.178269
0.282388
0.167639
0.180659
0.055655
0.048492
0.021665
0.119362
0.047935
0.037153
0.109228
0.056104
0.030049
0.022473
0.099774
0.156513
0.191947
0.246423
0.033615
0.050459
0.081340
0.022139
0.093731
0.081524
0.089826
0.089529
0.096420
0.016110
0.055570
0.118707
0.120421
0.213514
0.116663
0.083137
0.079370
0.062032
0.153700
0.230606
0.135369
0.175577
0.005119
0.069241
0.050483
0.134497
0.140653
0.213842
0.266815
0.063625
0.029088
0.232345
0.219313
0.234532
0.036937
0.006468
0.022828
0.131763
0.039399
0.045663
0.048811
0.002790
0.039412
0.025820
0.006301
0.039237
0.056009
0.106997
0.007651
0.046251
0.130013
0.085783
0.011890
0.131431
0.023980
0.061851
0.158387
0.077972
0.026556
0.119744
0.126135
0.073880
0.033934
0.120772
0.058267
0.114533
0.057592
0.103852
0.078681
0.031986
0.038984
0.059372
0.100968
0.142387
0.040105
0.027051
0.128266
0.056569
0.147597
0.052659
0.071708
0.142852
0.059099
0.203595
0.113629
0.104811
0.112020
0.199284
0.074954
0.062288
0.001064
0.025174
0.100528
0.085330
0.039394
0.063294
0.079906
0.107534
0.105263
0.073927
0.043776
0.117786
0.164344
0.206182
0.151000
0.132973
0.007161
0.008262
0.044751
0.214028
0.034164
0.147027
0.247484
0.056911
0.129941
0.041476
0.177581
0.134418
0.199702
0.010268
0.065192
0.295670
0.154741
0.171910
0.278530
0.111569
0.089512
0.006909
0.074302
0.018989
0.188098
0.136636
0.007752
0.101154
0.114114
0.120998
0.068551
0.126096
0.069713
0.078012
0.098367
0.066607
0.035097
0.075988
0.043721
0.096358
0.307378
0.207481
0.007907
0.024207
0.163293
0.013224
0.034889
0.130381
0.095473
0.033362
0.085687
0.072506
0.121861
0.024115
0.096347
0.218374
0.209310
0.197459
0.013167
0.009935
0.065874
0.063281
0.051669
0.125205
0.065720
0.049096
0.084325
0.033496
0.089817
0.067522
0.058344
0.064938
0.203743
0.394493
0.128684
0.180081
0.074413
0.099964
0.245401
0.240420
0.145489
0.009009
0.036932
0.008835
0.100197
0.055571
0.186197
0.137118
0.160483
0.084135
0.081385
0.090761
0.043365
0.194480
0.070645
0.071419
0.199974
0.171974
0.196992
0.254597
0.170621
0.106837
0.047247
0.197161
0.243544
0.305301
0.107920
0.068033
0.077472
0.030703
0.005171
0.119758
0.252608
0.208681
0.256201
0.270144
0.178876
0.267096
0.170977
0.140841
0.069885
0.113542
0.224751
0.182907
0.007292
0.036124
0.217323
0.102854
0.225716
0.234112
0.094027
0.021592
0.114462
0.022499
0.144499
0.063331
0.037586
0.139084
0.171581
0.042399
0.103530
0.072649
0.024947
0.029049
0.000540
0.045829
0.055159
0.061300
0.061724
0.044846
0.001809
0.012663
0.030844
0.118638
0.179012
0.159108
0.194623
0.159339
0.195039
0.243765
0.270062
0.406488
0.354732
0.242145
0.125250
0.151501
0.015367
0.073147
0.006648
0.028190
0.110772
0.095890
0.118312
0.000617
0.056099
0.045573
0.066517
0.101780
0.195961
0.155671
0.164388
0.116451
0.118226
0.104961
0.204175
0.181251
0.037263
0.109036
0.038098
0.024548
0.164953
0.243785
0.286194
0.277941
0.224218
0.238021
0.085570
0.013588
0.167998
0.089028
0.208669
0.026508
0.011775
0.036629
0.041874
0.185198
0.146650
0.268256
0.085349
0.024022
0.092883
0.149977
0.163693
0.301673
0.117096
0.006457
0.130143
0.035797
0.016303
0.141059
0.025842
0.094697
0.010466
0.000607
0.076610
0.039889
0.004936
0.097375
0.205253
0.055680
0.124186
0.069087
0.031880
0.132881
0.100874
0.054886
0.220718
0.056218
0.012149
0.015839
0.145575
0.072544
0.101608
0.291704
0.320496
0.078137
0.054815
0.105565
0.099417
0.166960
0.085994
0.171042
0.020377
0.023428
0.003011
0.036359
0.039668
0.101162
0.007630
0.032790
0.172354
0.101506
0.069515
0.071474
0.108932
0.129803
0.212236
0.170592
0.289982
0.085772
0.098890
0.151990
0.221401
0.398681
0.160396
0.024947
0.019286
0.141599
0.030491
0.071170
0.055366
0.057046
0.079166
0.037248
0.172684
0.143021
0.126408
0.016966
0.037608
0.088696
0.101558
0.023822
0.005511
0.107316
0.167406
0.091088
0.048802
0.061220
0.047443
0.022433
0.174260
0.292949
0.204600
0.106824
0.014541
0.008226
0.065968
0.009785
0.028477
0.293385
0.183980
0.071362
0.211541
0.247686
0.124466
0.195936
0.202721
0.127153
0.142588
0.035041
0.014800
0.127251
0.186603
0.120357
0.048387
0.018077
0.178210
0.000752
0.007266
0.003311
0.009657
0.133043
0.139535
0.161714
0.067487
0.004418
0.013664
0.068815
0.040882
0.039363
0.057078
0.016041
0.118134
0.244504
0.181267
0.239247
0.148614
0.085645
0.002828
0.098019
0.030744
0.074920
0.041817
0.086277
0.226517
0.173295
0.057997
0.009173
0.024485
0.083990
0.186591
0.174284
0.051450
0.022214
0.000215
0.026332
0.026511
0.005477
0.068217
0.023995
0.140730
0.106676
0.052806
0.140556
0.136581
0.015629
0.043418
0.073312
0.052271
0.058204
0.187437
0.050094
0.053975
0.103679
0.060731
0.040464
0.045960
0.017780
0.037285
0.137728
0.043156
0.112274
0.063656
0.004407
0.066152
0.019509
0.082769
0.132049
0.085707
0.102122
0.181921
0.097221
0.078112
0.017015
0.065883
0.162842
0.231920
0.042296
0.112877
0.064238
0.164731
0.059978
0.092084
0.275198
0.251709
0.154949
0.114388
0.011553
0.072424
0.071004
0.013916
0.131462
0.087449
0.002525
0.032811
0.040634
0.023436
0.120471
0.279747
0.206946
0.175383
0.014184
0.119833
0.127446
0.150235
0.039325
0.053986
0.088713
0.081113
0.186167
0.128579
0.028269
0.062135
0.056234
0.011641
0.061496
0.086407
0.196216
0.202591
0.250089
0.130707
0.199484
0.060149
0.114110
0.102972
0.012242
0.010895
0.045428
0.018255
0.062555
0.108093
0.111343
0.002081
0.017859
0.076368
0.023692
0.107682
0.148177
0.040496
0.003697
0.127862
0.077637
0.010388
0.149901
0.093601
0.135291
0.048546
0.103268
0.163976
0.187340
0.204972
0.150191
0.024331
0.006551
0.056596
0.092760
0.102282
0.172884
0.105370
0.169864
0.158508
0.114025
0.066679
0.045332
0.004203
0.069430
0.073730
0.023379
0.144567
0.198687
0.048339
0.047052
0.060458
0.160614
0.149099
0.128087
0.083628
0.277399
0.272285
0.171951
0.007328
0.062154
0.111149
0.101902
0.075995
0.034290
0.017634
0.033753
0.069331
0.163328
0.158387
0.122341
0.008527
0.098166
0.083318
0.003557
0.041809
0.135430
0.145330
0.015884
0.096924
0.100032
0.090177
0.063884
0.149255
0.083198
0.079204
0.054355
0.113001
0.272266
0.210393
0.215055
0.151289
0.001719
0.047468
0.070077
0.141301
0.157628
0.129962
0.025756
0.008351
0.093690
0.023698
0.024700
0.050399
0.173270
0.099582
0.038171
0.276593
0.200581
0.030616
0.139419
0.256029
0.173695
0.051398
0.066694
0.053533
0.084074
0.016672
0.007856
0.000277
0.035491
0.029428
0.009640
0.001387
0.140066
0.025785
0.032254
0.062171
0.096923
0.059410
0.030804
0.092557
0.056131
0.048391
0.035574
0.117995
0.101024
0.131406
0.065078
0.143951
0.065724
0.093200
0.192092
0.163137
0.142099
0.029599
0.025436
0.024554
0.209252
0.294271
0.170202
0.070293
0.004300
0.038778
0.043710
0.031536
0.025067
0.058189
0.129224
0.057253
0.119737
0.019033
0.144153
0.172470
0.222467
0.209345
0.176851
0.028429
0.085496
0.119093
0.045667
0.095580
0.120857
0.002962
0.043338
0.043533
0.018030
0.047849
0.089687
0.297831
0.249810
0.018620
0.077238
0.027619
0.195832
0.202083
0.139311
0.146349
0.017477
0.096571
0.098109
0.119069
0.127477
0.157405
0.058395
0.035848
0.129486
0.128067
0.171413
0.010859
0.048224
0.106574
0.019115
0.082037
0.060237
0.033990
0.085817
0.074679
0.020180
0.238714
0.251455
0.264382
0.116997
0.081468
0.117750
0.118904
0.002075
0.012184
0.094308
0.136152
0.281421
0.163146
0.176460
0.142331
0.091621
0.095682
0.037840
0.023036
0.137939
0.053089
0.128350
0.094610
0.168818
0.142730
0.051134
0.063322
0.096019
0.151599
0.029561
0.092271
0.237638
0.186450
0.022198
0.083241
0.065658
0.146792
0.151522
0.150772
0.195235
0.084196
0.003281
0.014422
0.027397
0.076334
0.009734
0.110304
0.081452
0.054014
0.125903
0.028951
0.060280
0.088682
0.004189
0.172390
0.173676
0.049568
0.032716
0.026385
0.230656
0.188825
0.005379
0.201713
0.105810
0.078430
0.003599
0.030617
0.057647
0.095679
0.001926
0.050505
0.089014
0.155084
0.009268
0.125881
0.124336
0.005449
0.048558
0.061181
0.009306
0.120174
0.068805
0.077402
0.068963
0.134327
0.036783
0.059235
0.001886
0.006686
0.017138
0.077080
0.124746
0.150410
0.029154
0.112718
0.052031
0.100706
0.058316
0.046072
0.193601
0.158390
0.188515
0.031895
0.030481
0.211313
0.189777
0.142769
0.175094
0.163942
0.037779
0.057424
0.162605
0.285101
0.214200
0.150830
0.074760
0.025463
0.112067
0.116819
0.011825
0.037320
0.057877
0.080113
0.007212
0.091950
0.016155
0.117338
0.078690
0.022440
0.088590
0.141627
0.137622
0.024370
0.090310
0.050531
0.013302
0.140505
0.114513
0.038958
0.136817
0.045353
0.016328
0.146198
0.084810
0.107851
0.084650
0.040865
0.054791
0.228343
0.229526
0.296481
0.123050
0.058048
0.063266
0.079221
0.027717
0.001816
0.062009
0.063064
0.041402
0.055587
0.046729
0.140796
0.012121
0.083110
0.010623
0.105867
0.102113
0.194936
0.162633
0.155599
0.065854
0.010567
0.066659
0.076276
0.098891
0.128676
0.219600
0.183126
0.000916
0.026219
0.021678
0.113240
0.096313
0.012123
0.032404
0.122986
0.117553
0.000939
0.037051
0.032109
0.107693
0.124210
0.048994
0.096240
0.037179
0.071330
0.026000
0.053589
0.061937
0.022907
0.015419
0.081315
0.202906
0.105447
0.028079
0.005991
0.033868
0.084015
0.036011
0.064329
0.142931
0.136567
0.058495
0.032110
0.085199
0.087696
0.033104
0.056534
0.065339
0.046058
0.017551
0.048055
0.075496
0.148370
0.080583
0.086866
0.175737
0.107162
0.049165
0.018669
0.072374
0.029838
0.012989
0.002908
0.102090
0.057540
0.058446
0.088009
0.003461
0.017138
0.021923
0.059031
0.137077
0.089811
0.071623
0.089991
0.072304
0.031420
0.118679
0.039369
0.146527
0.099023
0.091484
0.078122
0.108438
0.125193
0.112705
0.006303
0.068846
0.026996
0.077267
0.048262
0.042907
0.054534
0.046512
0.011977
0.075428
0.097178
0.056301
0.030427
0.053711
0.115165
0.096706
0.037407
0.081630
0.023457
0.054348
0.138699
0.036774
0.049039
0.047570
0.049479
0.034185
0.094157
0.206300
0.159255
0.057835
0.095903
0.031008
0.023285
0.124977
0.133008
0.081524
0.091297
0.130651
0.073536
0.024404
0.059470
0.049543
0.069359
0.006271
0.035398
0.110484
0.133972
0.135114
0.232443
0.161701
0.003964
0.011732
0.040701
0.024516
0.004343
0.102678
0.137686
0.059365
0.028293
0.086666
0.170292
0.052706
0.007594
0.051629
0.209650
0.111873
0.185961
0.159297
0.156452
0.155750
0.377783
0.253632
0.027575
0.209156
0.151799
0.056672
0.075952
0.039884
0.097969
0.097593
0.082446
0.071468
0.044095
0.084563
0.115361
0.165138
0.161151
0.185441
0.142141
0.077301
0.001486
0.016060
0.065872
0.005922
0.087381
0.250696
0.313833
0.274827
0.281938
0.054532
0.138135
0.185926
0.129263
0.012815
0.125908
0.154223
0.214443
0.271305
0.195252
0.031591
0.014810
0.136771
0.187959
0.082048
0.048517
0.001065
0.038328
0.084294
0.244781
0.309104
0.269031
0.297143
0.255573
0.127034
0.100031
0.148754
0.105943
0.090117
0.164177
0.140505
0.164537
0.253684
0.407617
0.271323
0.130357
0.014386
0.011274
0.031265
0.040615
0.114624
0.254922
0.156553
0.098780
0.152925
0.034057
0.008809
0.039425
0.021573
0.086908
0.066648
0.054339
0.089965
0.078849
0.003354
0.034710
0.064460
0.008612
0.097523
0.129180
0.019881
0.159182
0.181646
0.086936
0.001402
0.048034
0.119405
0.011937
0.058402
0.076327
0.156512
0.146412
0.089342
0.039711
0.123594
0.152374
0.177674
0.125239
0.128775
0.047747
0.059071
0.049389
0.021001
0.052831
0.100208
0.102644
0.101581
0.007962
0.015666
0.037751
0.028320
0.105883
0.054793
0.091917
0.202794
0.289584
0.064718
0.113686
0.016390
0.087191
0.230065
0.111996
0.003969
0.154656
0.056114
0.030666
0.024363
0.118498
0.016948
0.160723
0.262079
0.130920
0.189410
0.125850
0.042697
0.136260
0.241966
0.260417
0.215174
0.026913
0.346214
0.381849
0.189707
0.068133
0.024567
0.051014
0.258194
0.129473
0.083674
0.002539
0.063543
0.032019
0.081575
0.087168
0.100628
0.123935
0.263614
0.152673
0.063401
0.016702
0.013094
0.167521
0.155328
0.182723
0.048398
0.028615
0.013811
0.022387
0.058661
0.058602
0.107935
0.016114
0.195856
0.144631
0.009014
0.015094
0.024097
0.095695
0.166632
0.011682
0.033131
0.134465
0.023734
0.200431
0.101178
0.128216
0.190006
0.206847
0.200021
0.021855
0.115153
0.152087
0.257015
0.122233
0.092122
0.005278
0.021766
0.007406
0.145983
0.083277
0.002703
0.042683
0.074052
0.130493
0.077618
0.104681
0.040739
0.045501
0.138290
0.283448
0.200882
0.128560
0.011130
0.121794
0.209294
0.042002
0.047653
0.026653
0.017591
0.186754
0.035394
0.107608
0.117295
0.113661
0.083714
0.066650
0.108414
0.076386
0.260602
0.162690
0.084914
0.032080
0.007257
0.082361
0.002334
0.067415
0.053146
0.118238
0.248566
0.204410
0.251360
0.126888
0.193414
0.045195
0.123387
0.058075
0.014152
0.053886
0.105390
0.039783
0.032262
0.039482
0.128984
0.223358
0.172942
0.013681
0.019950
0.140110
0.049372
0.149296
0.190187
0.245882
0.181692
0.108628
0.078438
0.101784
0.148613
0.010374
0.012173
0.099697
0.098867
0.043973
0.027974
0.018550
0.240111
0.200013
0.096447
0.004833
0.156266
0.006544
0.050402
0.119627
0.083875
0.127431
0.062830
0.086375
0.034574
0.149003
0.265442
0.155412
0.155083
0.028965
0.098135
0.044287
0.064554
0.003050
0.007775
0.056737
0.006911
0.074975
0.053648
0.148657
0.068321
0.009730
0.106136
0.045474
0.093450
0.131892
0.126454
0.076330
0.087777
0.082471
0.033343
0.073268
0.045673
0.096525
0.044203
0.046884
0.088766
0.224247
0.201236
0.156596
0.025051
0.009323
0.065755
0.040286
0.057397
0.031281
0.133928
0.029313
0.034205
0.031515
0.049822
0.164636
0.200962
0.010763
0.076549
0.143722
0.185260
0.130918
0.031213
0.094073
0.088324
0.135609
0.035144
0.102115
0.056887
0.070103
0.013196
0.040636
0.041641
0.037067
0.050284
0.027160
0.026601
0.085051
0.061795
0.065819
0.101748
0.074621
0.022399
0.093120
0.064069
0.045193
0.130002
0.112970
0.250583
0.244376
0.183452
0.103221
0.042599
0.030692
0.156061
0.175661
0.035715
0.073800
0.133461
0.172561
0.114525
0.117544
0.061433
0.064992
0.024899
0.025731
0.026713
0.001125
0.112774
0.222882
0.132593
0.149112
0.102295
0.033303
0.038666
0.080391
0.004340
0.238456
0.153984
0.111927
0.012871
0.108287
0.218529
0.105087
0.100215
0.004140
0.057441
0.075739
0.016294
0.006919
0.008145
0.100791
0.109955
0.257323
0.219107
0.017402
0.025707
0.045295
0.020002
0.026660
0.044680
0.008838
0.036611
0.039378
0.010797
0.058041
0.010735
0.084850
0.021443
0.022706
0.083159
0.076542
0.025511
0.142800
0.153461
0.102633
0.001681
0.151551
0.129726
0.079267
0.055247
0.014512
0.136419
0.003058
0.064542
0.141511
0.233775
0.205139
0.076948
0.066884
0.158880
0.075010
0.075780
0.010735
0.113295
0.152296
0.084017
0.074816
0.073028
0.173019
0.079891
0.007137
0.005298
0.085689
0.069179
0.261778
0.054878
0.050963
0.030790
0.046878
0.174599
0.184313
0.112723
0.005930
0.064972
0.122764
0.007615
0.087966
0.041936
0.097532
0.046824
0.066154
0.044293
0.143279
0.024085
0.200998
0.100060
0.057324
0.116256
0.056590
0.090819
0.137352
0.155919
0.318645
0.121973
0.067164
0.231180
0.151755
0.247441
0.236764
0.183400
0.044684
0.105387
0.066304
0.126180
0.004522
0.103911
0.251470
0.039303
0.066714
0.098765
0.094857
0.115500
0.213276
0.002442
0.089202
0.046704
0.109175
0.196196
0.069747
0.090225
0.105560
0.082389
0.133647
0.280289
0.196206
0.118575
0.020376
0.074202
0.175793
0.160297
0.053555
0.051116
0.046961
0.107765
0.105701
0.133404
0.015732
0.027739
0.033269
0.029522
0.094390
0.042862
0.001624
0.115687
0.025402
0.135407
0.106432
0.047510
0.187760
0.199294
0.093508
0.029234
0.127649
0.109743
0.015855
0.062491
0.040413
0.094309
0.158930
0.062045
0.092735
0.062033
0.126228
0.124317
0.232446
0.131259
0.067701
0.046149
0.096598
0.028644
0.054780
0.098851
0.012804
0.079961
0.011274
0.009181
0.086406
0.032141
0.202784
0.213533
0.054038
0.065385
0.018438
0.024131
0.026238
0.136443
0.100508
0.036648
0.194363
0.317284
0.355307
0.443422
0.342955
0.325055
0.251766
0.110518
0.032230
0.136503
0.300214
0.213842
0.082545
0.036207
0.054845
0.100787
0.062902
0.056862
0.084332
0.091054
0.101456
0.007474
0.068910
0.122197
0.006344
0.083940
0.104794
0.090312
0.068638
0.095971
0.147723
0.163956
0.227471
0.139621
0.244114
0.094109
0.060109
0.106611
0.071163
0.112873
0.219238
0.119355
0.025704
0.082249
0.306834
0.301361
0.222704
0.161985
0.262716
0.099200
0.105174
0.193116
0.150160
0.089738
0.033304
0.025217
0.148627
0.258522
0.222646
0.184901
0.200852
0.181886
0.122384
0.002828
0.087740
0.035935
0.088336
0.171944
0.257270
0.174688
0.063490
0.061861
0.120512
0.021443
0.058892
0.114616
0.152489
0.004927
0.028922
0.029422
0.087098
0.159269
0.025833
0.076872
0.082811
0.209628
0.043684
0.011047
0.113070
0.009166
0.045427
0.018229
0.079355
0.071724
0.119445
0.229300
0.280312
0.118254
0.036196
0.087440
0.165098
0.188278
0.115720
0.071554
0.008476
0.105004
0.064019
0.011961
0.176489
0.232108
0.161648
0.312540
0.213130
0.253430
0.077595
0.097950
0.168350
0.166664
0.108407
0.125044
0.014088
0.010361
0.124719
0.074614
0.012605
0.033829
0.035372
0.132792
0.178182
0.213936
0.130130
0.082026
0.109501
0.016665
0.205444
0.125727
0.140991
0.114324
0.153419
0.037925
0.060337
0.051227
0.086692
0.026926
0.046508
0.001790
0.010936
0.011018
0.075236
0.053840
0.032480
0.088962
0.086046
0.007340
0.046580
0.018986
0.076718
0.121953
0.128304
0.087500
0.075397
0.077712
0.007443
0.124412
0.129852
0.071904
0.042681
0.063522
0.110015
0.033304
0.088087
0.207404
0.017850
0.077824
0.125693
0.220132
0.026620
0.004437
0.092164
0.054501
0.048767
0.059794
0.005648
0.000662
0.108503
0.033257
0.073305
0.079889
0.108471
0.281062
0.240579
0.179759
0.060542
0.053471
0.062225
0.020046
0.053674
0.149279
0.215589
0.028371
0.173336
0.044524
0.185424
0.171262
0.232029
0.154642
0.120170
0.008454
0.080883
0.253991
0.131767
0.031479
0.055902
0.250711
0.084033
0.070880
0.216137
0.205723
0.052139
0.108359
0.054830
0.000161
0.121917
0.041533
0.096210
0.088054
0.156517
0.142725
0.018181
0.045806
0.097051
0.044848
0.169337
0.235554
0.113145
0.069190
0.107451
0.060223
0.163464
0.157871
0.246888
0.307649
0.269241
0.379329
0.265193
0.072799
0.081627
0.149029
0.026754
0.032161
0.040895
0.177346
0.075924
0.013651
0.138741
0.003717
0.041612
0.010697
0.140101
0.148881
0.149958
0.167944
0.098197
0.058944
0.090208
0.148730
0.164191
0.134946
0.049117
0.141192
0.259795
0.262631
0.276736
0.055126
0.121959
0.061098
0.065181
0.238665
0.061828
0.027143
0.009200
0.097403
0.208372
0.194222
0.203908
0.120614
0.078803
0.024140
0.004716
0.065170
0.024098
0.060143
0.106632
0.002945
0.095728
0.036753
0.080058
0.021000
0.188642
0.187035
0.138022
0.007612
0.086124
0.041166
0.016108
0.037647
0.195337
0.135590
0.096343
0.039756
0.056768
0.171521
0.167227
0.030092
0.001590
0.059292
0.083877
0.028550
0.080713
0.063711
0.031906
0.114708
0.171895
0.070526
0.139109
0.008570
0.202903
0.264748
0.168812
0.141482
0.236235
0.246000
0.134165
0.004176
0.169453
0.329604
0.295022
0.337893
0.040579
0.124063
0.049212
0.178588
0.354820
0.167485
0.142494
0.252454
0.252241
0.202847
0.100153
0.008477
0.163944
0.189368
0.135918
0.132155
0.210903
0.084539
0.039283
0.015247
0.008491
0.146774
0.186045
0.096039
0.160511
0.072437
0.086679
0.126909
0.078027
0.060419
0.028243
0.087159
0.112780
0.103817
0.202891
0.204395
0.178621
0.000296
0.021146
0.012481
0.022404
0.043213
0.046897
0.135412
0.062991
0.017410
0.087801
0.119928
0.030459
0.041509
0.155974
0.038794
0.003280
0.108476
0.014599
0.009305
0.130533
0.066160
0.073654
0.010879
0.150861
0.377015
0.244979
0.215074
0.284195
0.000473
0.012766
0.016866
0.047282
0.025678
0.118079
0.133462
0.146444
0.004455
0.006207
0.130266
0.196352
0.009348
0.092049
0.188099
0.292807
0.383083
0.009616
0.037453
0.055707
0.051076
0.242843
0.156257
0.097771
0.123982
0.090221
0.051262
0.055554
0.237561
0.252839
0.221642
0.153713
0.084082
0.203638
0.146091
0.047405
0.077835
0.096538
0.010407
0.045417
0.068949
0.032479
0.011182
0.005416
0.035337
0.078197
0.037183
0.229256
0.252270
0.204986
0.116260
0.057495
0.031263
0.034930
0.207256
0.414755
0.162305
0.013088
0.254810
0.019521
0.025023
0.164410
0.098063
0.084586
0.121849
0.057859
0.137255
0.117808
0.102126
0.024825
0.018785
0.076050
0.035489
0.121483
0.098764
0.254569
0.159597
0.236003
0.002370
0.073670
0.017249
0.063506
0.088920
0.031906
0.217810
0.028475
0.038165
0.067060
0.119096
0.103610
0.021587
0.059207
0.028187
0.011809
0.140159
0.128292
0.130022
0.221979
0.124039
0.020020
0.023416
0.067143
0.072139
0.038330
0.050788
0.061041
0.098034
0.139078
0.165558
0.247394
0.188712
0.331262
0.333917
0.131334
0.006289
0.162749
0.103555
0.038776
0.241250
0.345046
0.443203
0.226054
0.036583
0.122670
0.091595
0.156968
0.062265
0.066413
0.038127
0.103537
0.113214
0.121188
0.103909
0.060260
0.074942
0.085940
0.116250
0.196495
0.161186
0.058310
0.189169
0.164365
0.226672
0.095895
0.018981
0.138230
0.021921
0.069078
0.127616
0.157645
0.042400
0.171880
0.258133
0.222134
0.231532
0.155564
0.000664
0.022258
0.049621
0.012020
0.006366
0.031519
0.042264
0.018812
0.030143
0.017533
0.008483
0.002171
0.011495
0.078884
0.074261
0.126910
0.074204
0.096649
0.029442
0.039603
0.153637
0.049878
0.098405
0.123117
0.110793
0.003843
0.019807
0.171651
0.143622
0.144923
0.068971
0.055678
0.229559
0.214172
0.139182
0.087749
0.095998
0.075611
0.042154
0.029551
0.165792
0.122362
0.113659
0.119064
0.051581
0.163700
0.223177
0.235216
0.187444
0.124743
0.037150
0.026742
0.044656
0.097540
0.046497
0.089692
0.034287
0.154639
0.201545
0.194116
0.126584
0.155172
0.110724
0.044845
0.159389
0.135501
0.031298
0.078245
0.012911
0.006822
0.063808
0.139896
0.180761
0.228620
0.187931
0.058518
0.160218
0.207425
0.032268
0.087402
0.068299
0.107398
0.165495
0.052950
0.098508
0.098864
0.022034
0.039900
0.087546
0.122065
0.011957
0.140154
0.138452
0.190374
0.088083
0.008069
0.102160
0.025034
0.133896
0.077708
0.113004
0.053346
0.182051
0.163921
0.094947
0.163782
0.187182
0.202474
0.045473
0.193176
0.141893
0.026038
0.155294
0.056925
0.101822
0.120122
0.180161
0.070931
0.090564
0.058394
0.027221
0.100078
0.096132
0.074993
0.135856
0.212047
0.145130
0.055524
0.023809
0.036284
0.111699
0.162196
0.048699
0.066698
0.145709
0.047497
0.064215
0.108929
0.006650
0.084738
0.022227
0.131451
0.191078
0.160024
0.184028
0.075146
0.032821
0.073240
0.099353
0.169328
0.177342
0.091748
0.051801
0.084053
0.024187
0.006330
0.012649
0.125013
0.220013
0.183105
0.125374
0.036206
0.082905
0.088157
0.055492
0.084692
0.021697
0.004175
0.099860
0.103743
0.046867
0.055264
0.157233
0.121372
0.032084
0.120119
0.201518
0.056597
0.147612
0.119130
0.059877
0.081692
0.061578
0.176429
0.055880
0.004945
0.051013
0.105091
0.009761
0.018664
0.013783
0.053069
0.057447
0.186505
0.091246
0.017758
0.212167
0.171083
0.129499
0.026749
0.097665
0.188244
0.077129
0.145314
0.051700
0.115062
0.038174
0.350321
0.218173
0.126637
0.105881
0.189570
0.175803
0.063729
0.022676
0.116407
0.073726
0.036336
0.025437
0.126467
0.141812
0.264650
0.295591
0.162592
0.128505
0.154899
0.080485
0.129722
0.123599
0.108381
0.153694
0.112738
0.101117
0.081456
0.229730
0.244556
0.001596
0.105440
0.076536
0.012374
0.010148
0.095894
0.105531
0.058148
0.069575
0.215432
0.138335
0.037687
0.058537
0.151994
0.002609
0.150462
0.066397
0.276961
0.072365
0.049733
0.006795
0.058128
0.148091
0.173220
0.132311
0.254968
0.189309
0.181051
0.045942
0.069662
0.081796
0.096773
0.072213
0.044783
0.034058
0.021606
0.104356
0.003756
0.215782
0.403960
0.188314
0.039419
0.034294
0.113039
0.007726
0.174650
0.254255
0.258400
0.137454
0.106493
0.267534
0.256844
0.154838
0.207278
0.109013
0.005291
0.002816
0.054995
0.089653
0.154533
0.025016
0.096613
0.040917
0.023874
0.072430
0.046567
0.058849
0.065512
0.083083
0.066490
0.075159
0.064847
0.167515
0.214648
0.138040
0.086179
0.057673
0.148568
0.024482
0.163536
0.263384
0.149768
0.083374
0.157100
0.162577
0.088656
0.116109
0.154464
0.062657
0.067706
0.088548
0.094157
0.011986
0.202235
0.183687
0.058972
0.069378
0.034648
0.050418
0.084979
0.050392
0.095856
0.030507
0.031574
0.021332
0.078668
0.026538
0.106190
0.079653
0.127199
0.110513
0.054335
0.077073
0.100810
0.180359
0.228073
0.106321
0.112097
0.138933
0.044259
0.025395
0.137610
0.077297
0.044389
0.184902
0.144119
0.152010
0.199621
0.087221
0.068955
0.045905
0.029327
0.173776
0.165300
0.166014
0.152932
0.030492
0.018112
0.048736
0.064015
0.138809
0.203792
0.259300
0.208235
0.131182
0.011393
0.060419
0.040665
0.034023
0.113519
0.196415
0.059778
0.152187
0.020729
0.038051
0.102385
0.099176
0.232736
0.119900
0.158674
0.161515
0.004354
0.048461
0.080544
0.139778
0.132392
0.288663
0.104125
0.035448
0.029669
0.240625
0.140793
0.044923
0.026466
0.006071
0.060258
0.185203
0.184672
0.217042
0.192198
0.097830
0.023352
0.172373
0.191834
0.050580
0.147535
0.196979
0.062441
0.100795
0.001582
0.070742
0.047062
0.059411
0.147006
0.044726
0.279411
0.099044
0.059929
0.069251
0.105652
0.014197
0.086043
0.190270
0.189600
0.064243
0.055781
0.033574
0.029911
0.082967
0.141609
0.073313
0.011421
0.029941
0.015685
0.028322
0.056797
0.077439
0.008356
0.034211
0.053569
0.052182
0.078243
0.089296
0.099224
0.085764
0.017290
0.086334
0.079921
0.217260
0.085341
0.103302
0.256669
0.137023
0.123729
0.167159
0.089245
0.015249
0.017112
0.022575
0.035094
0.064874
0.102532
0.147233
0.063594
0.145926
0.249037
0.115246
0.025296
0.009407
0.003713
0.022961
0.090624
0.087200
0.040113
0.160862
0.135867
0.146313
0.121569
0.010521
0.055472
0.028756
0.048898
0.073719
0.059644
0.108473
0.080452
0.127477
0.075899
0.107135
0.087316
0.052202
0.001143
0.097883
0.207990
0.143547
0.112767
0.008395
0.041881
0.099315
0.103865
0.193930
0.095455
0.261273
0.092035
0.037624
0.182262
0.243668
0.074952
0.067869
0.106586
0.027175
0.115155
0.049998
0.071377
0.167541
0.084878
0.117934
0.094468
0.153118
0.240896
0.253263
0.358501
0.423591
0.243530
0.144719
0.002884
0.037028
0.029169
0.131866
0.288017
0.351144
0.275588
0.072522
0.078087
0.015296
0.123190
0.030222
0.025743
0.062672
0.083875
0.095785
0.141197
0.188679
0.102187
0.030075
0.067148
0.090828
0.080953
0.190691
0.105871
0.264902
0.128651
0.021987
0.087421
0.005495
0.004023
0.055885
0.121785
0.212173
0.247335
0.171681
0.109999
0.072303
0.021311
0.060648
0.080993
0.084240
0.299621
0.340598
0.037204
0.252709
0.177144
0.071094
0.066409
0.031707
0.002230
0.116209
0.169138
0.053438
0.002799
0.000555
0.119985
0.024703
0.096959
0.203697
0.021040
0.057797
0.024718
0.024370
0.043787
0.045072
0.123253
0.050427
0.061224
0.018213
0.038372
0.094275
0.118382
0.109222
0.005271
0.112515
0.093811
0.034756
0.082747
0.154205
0.156567
0.105000
0.025799
0.057075
0.118955
0.185022
0.178230
0.009717
0.033200
0.070680
0.078709
0.014178
0.115423
0.135914
0.101422
0.134985
0.148424
0.056254
0.014169
0.010426
0.035962
0.084771
0.060190
0.085875
0.144526
0.229230
0.028608
0.039573
0.054324
0.012627
0.078670
0.053620
0.119178
0.140181
0.202644
0.066848
0.071228
0.065003
0.133448
0.033275
0.001077
0.152715
0.095862
0.018226
0.011001
0.016015
0.026768
0.153378
0.077428
0.068173
0.011689
0.121134
0.216194
0.132701
0.080115
0.105014
0.159247
0.064666
0.161995
0.125679
0.016921
0.060772
0.067803
0.065484
0.169312
0.203063
0.164147
0.055856
0.088165
0.074416
0.131193
0.108467
0.129356
0.100770
0.058257
0.272548
0.274586
0.132345
0.010464
0.053214
0.028081
0.175655
0.243288
0.230797
0.135938
0.100297
0.000362
0.063186
0.066981
0.069973
0.209338
0.062133
0.043227
0.032989
0.064050
0.073569
0.053801
0.205128
0.058964
0.041017
0.025476
0.102088
0.149392
0.284001
0.154508
0.089704
0.087710
0.035377
0.069632
0.123236
0.195162
0.125108
0.222066
0.294186
0.373213
0.416643
0.248360
0.236516
0.186804
0.222511
0.206343
0.214738
0.224665
0.200225
0.176491
0.115116
0.107503
0.049005
0.213327
0.286535
0.094382
0.040072
0.064403
0.172969
0.141423
0.096202
0.107612
0.072674
0.038856
0.091979
0.047176
0.067017
0.193682
0.107751
0.085983
0.154177
0.336483
0.349506
0.253575
0.240891
0.039099
0.051738
0.007464
0.082352
0.006398
0.099825
0.054648
0.026423
0.035120
0.009564
0.008491
0.011767
0.077989
0.058860
0.067271
0.136190
0.125580
0.090525
0.016844
0.025697
0.078664
0.116081
0.170282
0.129047
0.067018
0.016956
0.142531
0.060348
0.000379
0.084317
0.057742
0.037216
0.037166
0.214542
0.150608
0.066734
0.019451
0.135586
0.150355
0.260906
0.114876
0.109798
0.023456
0.051769
0.062605
0.006005
0.163879
0.193368
0.004298
0.067426
0.088191
0.008757
0.052460
0.088861
0.044821
0.080961
0.093388
0.159463
0.310748
0.180601
0.037473
0.059844
0.152772
0.028136
0.128241
0.134657
0.119317
0.161234
0.064379
0.101992
0.050695
0.011910
0.028887
0.049469
0.003939
0.181989
0.267202
0.153933
0.044735
0.072318
0.164719
0.118254
0.088938
0.077801
0.027355
0.087882
0.178857
0.330062
0.055950
0.218364
0.284933
0.299781
0.285810
0.191432
0.041678
0.015280
0.043666
0.037532
0.006677
0.006887
0.070204
0.107884
0.146764
0.153256
0.004487
0.090149
0.054417
0.042283
0.078203
0.149915
0.059827
0.090905
0.016172
0.096446
0.035920
0.021161
0.039663
0.149352
0.112511
0.104760
0.060383
0.187797
0.124882
0.181393
0.007650
0.051087
0.029051
0.088606
0.178314
0.121600
0.183514
0.170155
0.048836
0.104437
0.199827
0.163733
0.089005
0.123217
0.012607
0.047853
0.099846
0.027503
0.037735
0.088415
0.109025
0.092046
0.126754
0.091863
0.088910
0.089242
0.009800
0.070764
0.025588
0.208580
0.011995
0.084448
0.022481
0.180572
0.154649
0.067527
0.085161
0.083691
0.103834
0.052512
0.010399
0.054191
0.143218
0.096617
0.095760
0.016268
0.035387
0.062605
0.065696
0.091414
0.094821
0.076640
0.032231
0.023734
0.076154
0.166984
0.081809
0.042218
0.000203
0.068475
0.000030
0.074928
0.125765
0.077334
0.170246
0.156648
0.150993
0.039672
0.039496
0.089686
0.055095
0.033363
0.032940
0.192661
0.216212
0.077622
0.109804
0.006089
0.000831
0.062494
0.024110
0.047468
0.025114
0.088523
0.050595
0.006441
0.020681
0.119344
0.139444
0.030315
0.039417
0.031237
0.056088
0.207844
0.180616
0.176480
0.044178
0.166630
0.150441
0.020041
0.048871
0.149266
0.180378
0.085244
0.062636
0.139027
0.172864
0.189554
0.107931
0.057320
0.062016
0.050380
0.022310
0.079798
0.034917
0.099783
0.164958
0.100767
0.040276
0.087254
0.058248
0.015736
0.006539
0.030667
0.092452
0.168254
0.205533
0.250601
0.128172
0.016338
0.062450
0.004627
0.114279
0.094481
0.022887
0.005785
0.035479
0.174191
0.179698
0.164577
0.148456
0.143020
0.032876
0.078450
0.024427
0.048163
0.211315
0.272032
0.238250
0.282739
0.126343
0.040049
0.065207
0.035258
0.059897
0.043004
0.006241
0.091868
0.094543
0.093675
0.054290
0.004845
0.010659
0.087393
0.044265
0.110211
0.283798
0.123450
0.006233
0.031875
0.073277
0.046346
0.145845
0.008567
0.035657
0.063626
0.023133
0.007875
0.032077
0.103958
0.065660
0.218613
0.204836
0.087412
0.010048
0.032259
0.117546
0.123461
0.106712
0.007641
0.059049
0.158484
0.135341
0.130172
0.075068
0.030841
0.114360
0.197331
0.021595
0.038700
0.061237
0.022744
0.010533
0.035750
0.109400
0.170892
0.093787
0.000408
0.003515
0.038121
0.084012
0.005872
0.020310
0.030534
0.047086
0.044559
0.009853
0.109604
0.114336
0.067451
0.066177
0.142949
0.051409
0.054605
0.007800
0.045422
0.009464
0.031162
0.180380
0.247979
0.230346
0.237553
0.236877
0.100039
0.089515
0.009703
0.125036
0.282831
0.191587
0.185026
0.216506
0.184232
0.142642
0.163149
0.071627
0.104857
0.138222
0.108029
0.122123
0.128322
0.102326
0.133927
0.010540
0.174183
0.136780
0.087681
0.104954
0.107784
0.203818
0.111513
0.001842
0.119468
0.071432
0.018954
0.057305
0.095120
0.071317
0.127170
0.070243
0.068908
0.083446
0.157027
0.126549
0.090541
0.005674
0.132327
0.139784
0.038976
0.086996
0.188171
0.013536
0.084470
0.021298
0.148553
0.170841
0.151978
0.101348
0.048442
0.159668
0.118952
0.003599
0.040669
0.031872
0.060087
0.128259
0.054146
0.075183
0.003744
0.036480
0.025787
0.076396
0.001335
0.197706
0.109985
0.019590
0.020432
0.125535
0.120315
0.101987
0.099599
0.275853
0.197277
0.062876
0.129190
0.034547
0.015957
0.023651
0.017736
0.001347
0.028178
0.116940
0.097390
0.041717
0.038886
0.009019
0.019072
0.005115
0.111628
0.066674
0.015450
0.002132
0.058889
0.015515
0.158890
0.133697
0.002869
0.037104
0.033237
0.041086
0.165183
0.158074
0.034933
0.022751
0.039012
0.201927
0.225086
0.191310
0.213514
0.072160
0.031356
0.017270
0.032962
0.038601
0.153423
0.094132
0.078095
0.024133
0.026075
0.186638
0.079889
0.056215
0.027044
0.110882
0.049545
0.098268
0.027682
0.036997
0.023460
0.065545
0.146050
0.085688
0.029553
0.055018
0.059109
0.002826
0.119610
0.002726
0.027661
0.254023
0.126238
0.085762
0.092907
0.164290
0.279937
0.413852
0.183356
0.165040
0.087446
0.034262
0.075981
0.076901
0.017719
0.007447
0.127639
0.224591
0.372867
0.096325
0.131402
0.212429
0.048510
0.057901
0.040584
0.094148
0.085721
0.075693
0.050520
0.082160
0.074283
0.048090
0.017923
0.016112
0.084791
0.077421
0.069599
0.160926
0.078819
0.183232
0.257110
0.100748
0.258185
0.267171
0.210501
0.073428
0.239591
0.243290
0.267377
0.313889
0.205724
0.075225
0.087853
0.003679
0.070872
0.075260
0.050462
0.065699
0.093955
0.132580
0.253293
0.286286
0.190357
0.109315
0.040975
0.005182
0.093172
0.179161
0.009469
0.098204
0.081576
0.022542
0.206195
0.201153
0.154021
0.235690
0.167665
0.038767
0.040707
0.016868
0.090051
0.123540
0.024620
0.209377
0.086523
0.029561
0.082307
0.075125
0.194768
0.258843
0.156861
0.145764
0.284167
0.134622
0.014749
0.082931
0.002640
0.053194
0.081134
0.064524
0.047168
0.078527
0.141514
0.079162
0.149519
0.138737
0.019606
0.109653
0.207683
0.078999
0.010257
0.086625
0.052490
0.019096
0.077616
0.008042
0.080164
0.033999
0.049962
0.028497
0.004110
0.104090
0.143353
0.046096
0.098217
0.083922
0.045759
0.088062
0.150928
0.089063
0.069594
0.167027
0.010131
0.040298
0.027398
0.026122
0.026551
0.222747
0.222772
0.119277
0.188714
0.220240
0.027321
0.159634
0.066216
0.038046
0.025364
0.049330
0.202570
0.212406
0.093460
0.147757
0.003217
0.127563
0.107273
0.124306
0.241759
0.161714
0.179889
0.225217
0.157177
0.000372
0.095872
0.115672
0.140579
0.283129
0.265751
0.254664
0.299085
0.165649
0.107683
0.067570
0.055831
0.047300
0.026512
0.030022
0.018042
0.001184
0.175055
0.334273
0.190489
0.098096
0.112400
0.022404
0.084459
0.087036
0.122450
0.116395
0.186517
0.142051
0.170798
0.111484
0.001512
0.149554
0.006938
0.186079
0.260485
0.112911
0.178192
0.027836
0.210714
0.263080
0.183999
0.105287
0.106964
0.025502
0.169402
0.139880
0.013561
0.009520
0.026033
0.117682
0.089274
0.052087
0.063325
0.082426
0.087241
0.001912
0.056696
0.050224
0.055798
0.045564
0.038102
0.137863
0.235282
0.128333
0.086706
0.046351
0.038563
0.019353
0.016513
0.004518
0.031710
0.113625
0.085851
0.068405
0.003275
0.011879
0.058780
0.009751
0.214781
0.352246
0.257158
0.242831
0.370264
0.245402
0.154076
0.180343
0.163716
0.188268
0.261436
0.128497
0.052492
0.185497
0.151110
0.067085
0.034181
0.062430
0.141501
0.135284
0.157026
0.118390
0.072169
0.020735
0.203675
0.101154
0.055693
0.016154
0.008013
0.137997
0.017109
0.024718
0.163922
0.025810
0.149585
0.212064
0.137056
0.001187
0.218081
0.204282
0.125079
0.240189
0.101664
0.070827
0.169544
0.182254
0.131728
0.165183
0.145667
0.046747
0.011875
0.017454
0.058655
0.008568
0.069714
0.210798
0.119863
0.073302
0.020309
0.012572
0.014181
0.053126
0.051876
0.130418
0.061193
0.002916
0.326122
0.353213
0.235172
0.123237
0.074532
0.102622
0.063761
0.001080
0.155124
0.102029
0.014928
0.108539
0.177626
0.137845
0.069018
0.014684
0.106360
0.036672
0.108558
0.078548
0.246226
0.343798
0.409767
0.323212
0.101610
0.094840
0.076286
0.043387
0.011445
0.131227
0.157771
0.257930
0.141634
0.070215
0.147727
0.262396
0.268245
0.078643
0.101754
0.033942
0.057743
0.127287
0.186481
0.236883
0.258248
0.243417
0.268572
0.198520
0.170266
0.194203
0.166484
0.225716
0.012833
0.037284
0.033371
0.016997
0.001549
0.039606
0.133215
0.206287
0.052721
0.047205
0.035690
0.115096
0.071461
0.084681
0.074149
0.049250
0.079769
0.003025
0.020612
0.117282
0.082951
0.092494
0.022267
0.018328
0.115012
0.275838
0.226560
0.138469
0.020471
0.123368
0.158969
0.123348
0.057859
0.181185
0.178812
0.026905
0.043517
0.057743
0.120157
0.023063
0.093857
0.079065
0.030542
0.019015
0.034535
0.011842
0.040232
0.106052
0.106111
0.014069
0.016540
0.006836
0.083222
0.086298
0.137446
0.041578
0.106202
0.029987
0.040770
0.008212
0.061625
0.111913
0.254145
0.250175
0.264534
0.149342
0.028567
0.200045
0.144309
0.106453
0.111281
0.059532
0.019845
0.044495
0.019263
0.020680
0.195349
0.012896
0.141833
0.045742
0.046071
0.004630
0.016884
0.076651
0.264593
0.214592
0.110480
0.014545
0.089901
0.209563
0.258830
0.177725
0.029234
0.125493
0.006850
0.108311
0.074670
0.048549
0.119458
0.065366
0.060948
0.113962
0.024634
0.044753
0.023938
0.065521
0.062621
0.109712
0.044828
0.013510
0.124932
0.052791
0.215541
0.341101
0.378186
0.340268
0.139678
0.023092
0.003797
0.027113
0.055234
0.172046
0.110586
0.028030
0.127568
0.018328
0.090602
0.339001
0.355585
0.416272
0.361263
0.248207
0.277740
0.022415
0.030294
0.011905
0.018342
0.060213
0.213286
0.258756
0.368902
0.321897
0.062849
0.019313
0.005832
0.008946
0.036315
0.182016
0.132041
0.298343
0.229097
0.066671
0.103873
0.156735
0.193523
0.193491
0.087990
0.012611
0.050344
0.052527
0.123735
0.245756
0.220741
0.258549
0.295418
0.208246
0.032670
0.145059
0.075900
0.066019
0.075150
0.160729
0.084288
0.175148
0.224957
0.124433
0.252146
0.304921
0.183897
0.119011
0.142171
0.008226
0.138652
0.146481
0.205459
0.119482
0.060363
0.176529
0.054994
0.244244
0.294015
0.360423
0.252408
0.174619
0.180792
0.002240
0.181481
0.275908
0.203112
0.012081
0.051045
0.022366
0.052144
0.075334
0.099298
0.233500
0.385251
0.372510
0.286803
0.217273
0.088327
0.128467
0.006650
0.027077
0.157514
0.143350
0.260389
0.281777
0.067560
0.049325
0.142793
0.216140
0.231116
0.049505
0.010931
0.009653
0.020334
0.071806
0.140829
0.134167
0.120323
0.038754
0.013899
0.043169
0.100955
0.163772
0.035719
0.021021
0.039807
0.001395
0.050396
0.214080
0.221487
0.209792
0.106293
0.179051
0.124567
0.092794
0.092695
0.143144
0.145149
0.151122
0.057277
0.057973
0.010807
0.057449
0.018133
0.235526
0.171734
0.114197
0.017344
0.043214
0.075344
0.000805
0.114005
0.184302
0.157009
0.143300
0.021809
0.134478
0.012555
0.056852
0.110083
0.086816
0.112094
0.010745
0.136034
0.038337
0.007773
0.017753
0.023745
0.012850
0.017975
0.045530
0.093328
0.055168
0.004229
0.124465
0.183190
0.078170
0.055103
0.302430
0.213137
0.110679
0.045251
0.088637
0.262503
0.240362
0.107728
0.017500
0.047143
0.139749
0.138559
0.119430
0.177585
0.025524
0.008601
0.243461
0.163186
0.183292
0.137562
0.043491
0.003621
0.061126
0.052155
0.125382
0.053786
0.129539
0.251855
0.171850
0.075243
0.075767
0.076983
0.056953
0.050540
0.059104
0.089818
0.038904
0.259729
0.074718
0.124247
0.078459
0.123681
0.227465
0.228877
0.002339
0.132889
0.072107
0.063262
0.057087
0.080625
0.022724
0.036234
0.174078
0.191240
0.067552
0.029388
0.070804
0.148131
0.146888
0.073131
0.020478
0.004872
0.065106
0.040215
0.070875
0.108778
0.248490
0.455370
0.406705
0.226959
0.249287
0.121364
0.113352
0.013819
0.161744
0.053578
0.013820
0.071774
0.113075
0.028094
0.012490
0.200214
0.168725
0.209136
0.118173
0.087688
0.112386
0.219297
0.136083
0.060423
0.048410
0.024254
0.113605
0.135417
0.183664
0.033994
0.028041
0.032969
0.022150
0.038208
0.061454
0.115467
0.011686
0.071791
0.026154
0.042982
0.107882
0.194928
0.123338
0.194336
0.024411
0.054718
0.028591
0.026449
0.120527
0.013025
0.051759
0.016840
0.241768
0.277668
0.203879
0.039335
0.047038
0.019874
0.119567
0.247373
0.321359
0.300610
0.141420
0.070079
0.019477
0.047829
0.115923
0.311082
0.186301
0.231104
0.279575
0.124993
0.258527
0.057002
0.040197
0.046737
0.104137
0.041870
0.046155
0.092181
0.079067
0.030469
0.127058
0.245945
0.221705
0.136942
0.066945
0.052029
0.048283
0.037307
0.123005
0.075006
0.017854
0.126819
0.045059
0.045677
0.024039
0.027980
0.069348
0.101156
0.058521
0.025043
0.170139
0.157097
0.068131
0.016009
0.075514
0.044915
0.080067
0.045823
0.037813
0.054689
0.056093
0.051445
0.008752
0.010112
0.026375
0.079208
0.026770
0.091405
0.141253
0.111364
0.119545
0.294649
0.103910
0.072927
0.061951
0.087791
0.166503
0.120997
0.052317
0.161273
0.036849
0.042168
0.029519
0.053357
0.064315
0.100092
0.014119
0.076058
0.029095
0.040656
0.021162
0.045896
0.115054
0.133375
0.175020
0.172097
0.000837
0.136323
0.196284
0.378212
0.114602
0.122060
0.164141
0.026494
0.059387
0.098099
0.116961
0.003049
0.195731
0.017611
0.107267
0.030406
0.087902
0.112784
0.025187
0.061452
0.175412
0.071380
0.033927
0.043551
0.044572
0.000916
0.064298
0.004860
0.044396
0.192663
0.173083
0.323577
0.156016
0.125982
0.015029
0.111630
0.183589
0.166170
0.245869
0.134577
0.193198
0.030964
0.006513
0.030980
0.033545
0.089796
0.053444
0.028778
0.107533
0.064655
0.075982
0.053110
0.182879
0.257839
0.139552
0.026576
0.120101
0.017513
0.072338
0.136477
0.094282
0.036152
0.098671
0.105700
0.179481
0.318155
0.185874
0.054098
0.188145
0.055727
0.101667
0.147920
0.106797
0.063957
0.113737
0.127829
0.248590
0.089245
0.013344
0.042634
0.039988
0.024627
0.044689
0.066179
0.224069
0.132100
0.030109
0.096001
0.194223
0.067525
0.048332
0.003149
0.002108
0.153473
0.155288
0.027709
0.005579
0.212849
0.134164
0.105790
0.058724
0.052646
0.068601
0.050802
0.073425
0.050268
0.230591
0.149582
0.237415
0.223331
0.136341
0.133746
0.051846
0.024398
0.063545
0.089483
0.006504
0.116975
0.061355
0.160569
0.098477
0.068860
0.061633
0.050675
0.030999
0.119924
0.188529
0.029292
0.237985
0.051253
0.045907
0.127335
0.030230
0.180804
0.110191
0.102022
0.055230
0.028293
0.016744
0.085100
0.095577
0.010584
0.010923
0.108076
0.021916
0.062574
0.037032
0.142831
0.125765
0.121342
0.009786
0.032228
0.011672
0.116451
0.008883
0.072721
0.051285
0.057159
0.013119
0.209902
0.113416
0.067619
0.062436
0.040799
0.029912
0.099170
0.116326
0.159167
0.106782
0.145385
0.041642
0.080719
0.031636
0.034716
0.015454
0.053648
0.197397
0.137053
0.186324
0.195890
0.230708
0.175179
0.019859
0.205785
0.143995
0.150022
0.147296
0.173626
0.040965
0.118786
0.008999
0.002531
0.115393
0.066577
0.072171
0.105173
0.070268
0.145536
0.296708
0.279603
0.162755
0.053910
0.044615
0.097877
0.010697
0.066314
0.072074
0.237520
0.169517
0.221721
0.145423
0.041872
0.061708
0.122682
0.156505
0.256891
0.030376
0.057282
0.137316
0.062997
0.068543
0.038586
0.008376
0.004095
0.052904
0.088655
0.073520
0.167373
0.112952
0.077999
0.063953
0.109943
0.027046
0.155590
0.100453
0.065627
0.052033
0.182668
0.186053
0.092346
0.019218
0.015923
0.015982
0.128908
0.215061
0.165100
0.087365
0.018906
0.036601
0.001061
0.028509
0.193726
0.245826
0.304114
0.112267
0.081459
0.025367
0.069050
0.051663
0.140905
0.023599
0.002062
0.080588
0.076567
0.131739
0.050717
0.156975
0.082830
0.054475
0.071623
0.077596
0.052346
0.036506
0.002005
0.092471
0.003461
0.010585
0.087810
0.129513
0.125374
0.065757
0.126491
0.003480
0.097280
0.026082
0.028478
0.128830
0.213344
0.069188
0.060176
0.092616
0.098364
0.003551
0.330108
0.304802
0.065611
0.070736
0.100069
0.023738
0.141360
0.019440
0.045534
0.070151
0.070252
0.027335
0.035378
0.113565
0.131117
0.142571
0.158345
0.070340
0.186653
0.128329
0.084048
0.100136
0.017296
0.106992
0.220504
0.205627
0.052370
0.060277
0.037231
0.057261
0.012108
0.148328
0.099351
0.151971
0.193189
0.171133
0.134613
0.189610
0.111057
0.024847
0.068468
0.007933
0.042603
0.136495
0.120659
0.010239
0.149371
0.105683
0.105654
0.123509
0.061765
0.020943
0.095098
0.005212
0.121921
0.088576
0.093277
0.123969
0.010931
0.067461
0.067896
0.232310
0.196034
0.158090
0.108327
0.022877
0.153577
0.124359
0.077501
0.130539
0.025175
0.090414
0.033498
0.049517
0.089432
0.126983
0.017922
0.015293
0.078886
0.069343
0.242251
0.033397
0.067765
0.050076
0.154372
0.055934
0.041947
0.066162
0.075786
0.136680
0.018454
0.037723
0.102709
0.098405
0.094381
0.083289
0.006673
0.046257
0.100033
0.105283
0.064138
0.067564
0.070522
0.172711
0.186565
0.075847
0.178735
0.053340
0.024250
0.152383
0.177954
0.021619
0.087278
0.021620
0.093520
0.141125
0.125904
0.127471
0.084585
0.008290
0.023008
0.030689
0.054793
0.129078
0.129354
0.205271
0.015394
0.046081
0.067896
0.035481
0.120399
0.085200
0.046800
0.004146
0.151733
0.036909
0.022264
0.200417
0.082628
0.111572
0.156795
0.090692
0.030263
0.114094
0.063280
0.203447
0.230898
0.162109
0.080311
0.002042
0.092238
0.212262
0.047905
0.023802
0.010274
0.093150
0.160622
0.123477
0.132867
0.134734
0.104391
0.001355
0.086592
0.192756
0.189736
0.300079
0.125739
0.060732
0.147143
0.083409
0.012247
0.082656
0.083816
0.047955
0.003831
0.084123
0.067342
0.109687
0.043206
0.039205
0.023046
0.162700
0.323236
0.055556
0.113140
0.022568
0.046516
0.092419
0.094780
0.037906
0.056576
0.085898
0.137234
0.107975
0.110645
0.097826
0.036112
0.116888
0.039257
0.038906
0.019183
0.002630
0.108405
0.113538
0.193720
0.225898
0.153789
0.068061
0.013257
0.027530
0.127229
0.186296
0.083088
0.078452
0.103548
0.118310
0.068870
0.024985
0.046180
0.011088
0.062009
0.167249
0.209476
0.130679
0.075932
0.087150
0.050821
0.013782
0.078339
0.050792
0.114763
0.030432
0.074478
0.103612
0.087853
0.087885
0.063958
0.051199
0.040339
0.018550
0.102998
0.057324
0.023563
0.015328
0.076706
0.022948
0.000154
0.149369
0.186302
0.214809
0.154042
0.057094
0.051143
0.049408
0.105684
0.047677
0.201846
0.158824
0.276675
0.321681
0.208548
0.198524
0.015681
0.026249
0.050822
0.006020
0.015792
0.171706
0.083325
0.011432
0.036714
0.126193
0.031195
0.068429
0.058220
0.096859
0.128599
0.047805
0.021371
0.078633
0.145607
0.242274
0.211550
0.070937
0.047820
0.108300
0.046259
0.028854
0.018298
0.099444
0.112521
0.004366
0.049736
0.000898
0.120629
0.043824
0.023429
0.047760
0.250794
0.091596
0.016105
0.100446
0.062327
0.030196
0.044594
0.046894
0.022989
0.098448
0.069831
0.033746
0.060749
0.090805
0.142160
0.087270
0.052197
0.038941
0.010784
0.018863
0.084265
0.074006
0.127541
0.106791
0.071223
0.097852
0.099261
0.082808
0.149324
0.235625
0.119373
0.069460
0.107544
0.128934
0.041977
0.003514
0.045719
0.044210
0.084891
0.030827
0.215665
0.152936
0.124280
0.005012
0.065899
0.003426
0.028459
0.113414
0.134348
0.007721
0.015559
0.052573
0.080643
0.077347
0.063303
0.186420
0.121205
0.102530
0.157779
0.152196
0.352576
0.315751
0.172362
0.107232
0.048152
0.109811
0.103425
0.125725
0.051632
0.062841
0.040868
0.120578
0.200463
0.029499
0.145333
0.188538
0.134069
0.084222
0.068092
0.024318
0.002846
0.027756
0.071908
0.025891
0.019365
0.058756
0.078813
0.007102
0.004467
0.049714
0.073862
0.061017
0.091083
0.081649
0.013160
0.094669
0.249267
0.226964
0.065471
0.094510
0.104368
0.078176
0.030635
0.112148
0.118482
0.196727
0.198263
0.090588
0.083820
0.001975
0.140214
0.216836
0.263790
0.275651
0.224021
0.137257
0.274841
0.268675
0.158481
0.068641
0.038705
0.049772
0.016192
0.079417
0.097447
0.164999
0.095108
0.130278
0.032839
0.022534
0.043548
0.020344
0.026041
0.014945
0.115850
0.002990
0.053548
0.073057
0.047230
0.108654
0.160767
0.237462
0.346208
0.220479
0.172964
0.023150
0.022250
0.073557
0.018968
0.037505
0.108805
0.226058
0.154126
0.160793
0.074645
0.057439
0.164570
0.060047
0.012356
0.025167
0.014945
0.104566
0.055806
0.107205
0.142294
0.142452
0.193634
0.295549
0.176589
0.115369
0.115412
0.140699
0.085211
0.024855
0.034387
0.028951
0.056823
0.081868
0.031512
0.026888
0.071457
0.079861
0.024669
0.013317
0.137884
0.050689
0.085899
0.190136
0.162553
0.001873
0.008659
0.030626
0.017714
0.076217
0.020252
0.141138
0.036119
0.033868
0.095069
0.156634
0.148687
0.008810
0.094211
0.034142
0.014903
0.046630
0.060889
0.032466
0.057007
0.020664
0.202830
0.129698
0.072115
0.002649
0.049787
0.111289
0.068792
0.077904
0.157762
0.164335
0.037202
0.017979
0.093529
0.031891
0.036161
0.179575
0.076965
0.125180
0.080750
0.016419
0.073549
0.061943
0.068318
0.132752
0.046776
0.119990
0.112993
0.216753
0.197390
0.039260
0.144049
0.080639
0.039559
0.083584
0.000928
0.084506
0.216138
0.126331
0.133824
0.182955
0.164313
0.104850
0.156058
0.176012
0.074467
0.020136
0.093068
0.200840
0.001926
0.077568
0.031566
0.005280
0.034886
0.155965
0.045308
0.048851
0.046913
0.012461
0.086899
0.039414
0.049660
0.222943
0.226951
0.116067
0.064726
0.183867
0.254974
0.330357
0.151767
0.045101
0.012156
0.010233
0.061701
0.061268
0.001886
0.036255
0.170380
0.089939
0.135980
0.100747
0.123974
0.117878
0.086388
0.117223
0.281843
0.108420
0.012553
0.120783
0.139747
0.077462
0.034136
0.079360
0.043182
0.126614
0.113122
0.251132
0.113544
0.012947
0.040485
0.174093
0.187884
0.300462
0.139402
0.088287
0.075397
0.120840
0.219251
0.213652
0.184449
0.163902
0.239824
0.002762
0.110820
0.056253
0.070179
0.157584
0.092555
0.043452
0.014876
0.036087
0.000580
0.037296
0.024021
0.051708
0.015008
0.074764
0.192561
0.209426
0.115928
0.033561
0.026692
0.032199
0.023150
0.044441
0.043949
0.050225
0.109364
0.165629
0.252906
0.096823
0.041701
0.083285
0.015394
0.014486
0.069333
0.029207
0.148772
0.079927
0.133015
0.072372
0.029709
0.065186
0.304312
0.179220
0.086036
0.048851
0.118884
0.112128
0.181670
0.001890
0.003320
0.037823
0.011497
0.026150
0.062961
0.059227
0.031255
0.032020
0.046087
0.020092
0.078957
0.209156
0.211955
0.183164
0.110642
0.116128
0.045549
0.082849
0.002423
0.008192
0.131581
0.096305
0.153855
0.032583
0.055324
0.227372
0.289114
0.108925
0.115310
0.024689
0.032996
0.071006
0.061500
0.002387
0.082155
0.016014
0.024444
0.244277
0.176186
0.157525
0.187527
0.134778
0.113003
0.171079
0.181142
0.163244
0.037032
0.056602
0.001656
0.080143
0.194265
0.351129
0.198375
0.221819
0.128948
0.020259
0.044112
0.025657
0.100648
0.206424
0.229095
0.136894
0.020827
0.060081
0.113152
0.105928
0.119635
0.176198
0.276796
0.284019
0.208110
0.102302
0.023237
0.032142
0.092383
0.024824
0.106942
0.124649
0.085201
0.009946
0.078892
0.021469
0.006384
0.094906
0.030171
0.005064
0.127658
0.036780
0.019163
0.058556
0.020203
0.093806
0.042876
0.045726
0.037977
0.058337
0.075971
0.008039
0.026259
0.272732
0.247264
0.093893
0.142854
0.111776
0.098553
0.156476
0.089020
0.094655
0.201635
0.195619
0.126511
0.095693
0.058694
0.059395
0.038660
0.026650
0.011746
0.040116
0.139835
0.153946
0.141146
